//byte pict2[] = {
// 12,0,47,52,64,13,0,74,78,87,14,0,143,147,152,15,0,0,95,125,16,0,0,95,125,17,0,0,95,125,18,0,0,95,125,19,0,0,95,125,20,0,154,157,163,21,0,80,84,93,22,0,46,50,61,
//11,1,52,57,68,12,1,118,121,128,13,1,200,203,206,14,1,0,95,125,15,1,0,95,125,16,1,0,95,125,17,1,0,95,125,18,1,0,95,125,19,1,0,95,125,20,1,0,95,125,21,1,0,95,125,22,1,131,133,140,23,1,47,50,64,
//11,2,122,126,132,12,2,0,95,125,13,2,0,95,125,14,2,0,95,125,15,2,0,95,125,16,2,0,95,125,17,2,0,95,125,18,2,0,95,125,19,2,0,95,125,20,2,0,95,125,21,2,0,95,125,22,2,0,95,125,23,2,130,132,141,24,2,49,54,66,
//10,3,97,101,111,11,3,0,95,125,12,3,0,95,125,13,3,0,95,125,14,3,0,95,125,15,3,0,95,125,16,3,0,95,125,17,3,0,95,125,18,3,0,95,125,19,3,0,95,125,20,3,0,95,125,21,3,0,95,125,22,3,0,95,125,23,3,0,95,125,24,3,108,112,120,
//9,4,67,72,81,10,4,187,191,195,11,4,0,95,125,12,4,130,131,137,13,4,98,99,106,14,4,0,95,125,15,4,0,95,125,16,4,0,95,125,17,4,0,95,125,18,4,193,195,196,19,4,105,107,115,20,4,125,125,132,21,4,0,95,125,22,4,0,95,125,23,4,0,95,125,24,4,0,95,125,25,4,55,60,68,
//9,5,101,105,113,10,5,0,95,125,11,5,164,166,169,12,5,50,52,63,14,5,103,105,112,15,5,0,95,125,16,5,0,95,125,17,5,0,95,125,18,5,127,129,133,21,5,148,150,155,22,5,0,95,125,23,5,0,95,125,24,5,0,95,125,25,5,112,115,121,30,5,45,50,62,31,5,53,58,70,32,5,51,56,68,
//8,6,46,52,63,9,6,162,166,171,10,6,0,95,125,11,6,195,197,199,12,6,63,66,76,13,6,52,56,66,14,6,145,147,153,15,6,0,95,125,16,6,0,95,125,17,6,0,95,125,18,6,175,177,180,19,6,57,59,69,20,6,54,57,69,21,6,159,161,166,22,6,0,95,125,23,6,0,95,125,24,6,0,95,125,25,6,176,177,181,29,6,68,72,80,30,6,148,152,157,31,6,0,95,125,32,6,0,95,125,33,6,119,122,130,34,6,47,52,64,
//8,7,58,63,73,9,7,199,201,204,10,7,0,95,125,11,7,0,95,125,12,7,0,95,125,13,7,196,198,201,14,7,0,95,125,15,7,0,95,125,16,7,0,95,125,17,7,0,95,125,18,7,0,95,125,19,7,0,95,125,20,7,191,194,197,21,7,0,95,125,22,7,0,95,125,23,7,0,95,125,24,7,0,95,125,25,7,0,95,125,27,7,49,53,65,28,7,85,88,99,29,7,188,190,194,30,7,0,95,125,31,7,0,95,125,32,7,0,95,125,33,7,197,199,202,34,7,59,65,75,
//1,8,48,53,63,2,8,60,65,75,3,8,50,54,66,8,8,65,70,79,9,8,0,95,125,10,8,0,95,125,11,8,0,95,125,12,8,0,95,125,13,8,0,95,125,14,8,0,95,125,15,8,186,186,189,16,8,158,161,164,17,8,166,169,172,18,8,0,95,125,19,8,0,95,125,20,8,0,95,125,21,8,0,95,125,22,8,0,95,125,23,8,0,95,125,24,8,0,95,125,25,8,0,95,125,26,8,54,57,70,27,8,111,113,121,28,8,0,95,125,29,8,0,95,125,30,8,0,95,125,31,8,0,95,125,32,8,0,95,125,33,8,177,179,183,34,8,55,60,71,
//0,9,87,92,100,1,9,199,203,204,2,9,0,95,125,3,9,0,95,125,4,9,171,172,177,5,9,89,92,98,6,9,58,61,72,7,9,47,51,63,8,9,71,75,85,9,9,0,95,125,10,9,0,95,125,11,9,0,95,125,12,9,0,95,125,13,9,181,182,187,14,9,67,71,79,18,9,47,52,61,19,9,125,129,135,20,9,0,95,125,21,9,0,95,125,22,9,0,95,125,23,9,0,95,125,24,9,0,95,125,25,9,0,95,125,26,9,0,95,125,27,9,0,95,125,28,9,0,95,125,29,9,0,95,125,30,9,0,95,125,31,9,0,95,125,32,9,186,188,187,33,9,83,86,95,
//0,10,148,151,157,1,10,0,95,125,2,10,0,95,125,3,10,0,95,125,4,10,0,95,125,5,10,0,95,125,6,10,0,95,125,7,10,168,169,173,8,10,152,153,157,9,10,0,95,125,10,10,0,95,125,11,10,0,95,125,12,10,0,95,125,13,10,102,105,114,19,10,84,87,96,20,10,0,95,125,21,10,0,95,125,22,10,0,95,125,23,10,0,95,125,24,10,0,95,125,25,10,0,95,125,26,10,0,95,125,27,10,0,95,125,28,10,0,95,125,29,10,0,95,125,30,10,0,95,125,31,10,0,95,125,32,10,102,105,108,33,10,46,50,61,
//0,11,123,126,132,1,11,0,95,125,2,11,0,95,125,3,11,0,95,125,4,11,0,95,125,5,11,0,95,125,6,11,0,95,125,7,11,0,95,125,8,11,0,95,125,9,11,0,95,125,10,11,0,95,125,11,11,0,95,125,12,11,0,95,125,13,11,193,195,197,14,11,116,119,125,15,11,85,91,100,16,11,64,69,81,17,11,56,61,72,18,11,73,76,86,19,11,159,162,167,20,11,0,95,125,21,11,0,95,125,22,11,0,95,125,23,11,0,95,125,24,11,0,95,125,25,11,0,95,125,26,11,0,95,125,27,11,0,95,125,28,11,0,95,125,29,11,0,95,125,30,11,0,95,125,31,11,0,95,125,32,11,96,98,104,
//0,12,49,52,64,1,12,120,123,130,2,12,200,203,203,3,12,0,95,125,4,12,0,95,125,5,12,0,95,125,6,12,0,95,125,7,12,0,95,125,8,12,0,95,125,9,12,0,95,125,10,12,0,95,125,11,12,0,95,125,12,12,0,95,125,13,12,0,95,125,14,12,0,95,125,15,12,0,95,125,16,12,0,95,125,17,12,0,95,125,18,12,0,95,125,19,12,0,95,125,20,12,0,95,125,21,12,0,95,125,22,12,0,95,125,23,12,0,95,125,24,12,0,95,125,25,12,0,95,125,26,12,0,95,125,27,12,0,95,125,28,12,0,95,125,29,12,0,95,125,30,12,0,95,125,31,12,0,95,125,32,12,160,163,168,33,12,50,54,67,
//2,13,72,75,83,3,13,0,95,125,4,13,0,95,125,5,13,0,95,125,6,13,0,95,125,7,13,0,95,125,8,13,0,95,125,9,13,0,95,125,10,13,0,95,125,11,13,0,95,125,12,13,0,95,125,13,13,0,95,125,14,13,0,95,125,15,13,0,95,125,16,13,0,95,125,17,13,0,95,125,18,13,0,95,125,19,13,0,95,125,20,13,0,95,125,21,13,0,95,125,22,13,0,95,125,23,13,0,95,125,24,13,0,95,125,25,13,0,95,125,26,13,0,95,125,27,13,0,95,125,28,13,0,95,125,29,13,0,95,125,30,13,0,95,125,31,13,191,192,195,32,13,112,114,120,33,13,47,51,63,
//2,14,49,53,62,3,14,184,187,190,4,14,0,95,125,5,14,0,95,125,6,14,0,95,125,7,14,0,95,125,8,14,0,95,125,9,14,0,95,125,10,14,0,95,125,11,14,0,95,125,12,14,0,95,125,13,14,0,95,125,14,14,0,95,125,15,14,0,95,125,16,14,0,95,125,17,14,0,95,125,18,14,0,95,125,19,14,0,95,125,20,14,0,95,125,21,14,0,95,125,22,14,0,95,125,23,14,0,95,125,24,14,0,95,125,25,14,0,95,125,26,14,0,95,125,27,14,0,95,125,28,14,172,174,175,29,14,95,98,107,30,14,80,84,94,31,14,64,68,78,
//2,15,49,52,64,3,15,181,182,188,4,15,0,95,125,5,15,0,95,125,6,15,0,95,125,7,15,0,95,125,8,15,0,95,125,9,15,0,95,125,10,15,0,95,125,11,15,0,95,125,12,15,0,95,125,13,15,0,95,125,14,15,0,95,125,15,15,0,95,125,16,15,0,95,125,17,15,0,95,125,18,15,0,95,125,19,15,0,95,125,20,15,0,95,125,21,15,0,95,125,22,15,0,95,125,23,15,0,95,125,24,15,0,95,125,25,15,0,95,125,26,15,0,95,125,27,15,0,95,125,28,15,129,130,138,
//3,16,72,76,88,4,16,125,128,136,5,16,119,123,130,6,16,93,97,104,7,16,94,98,106,8,16,0,95,125,9,16,0,95,125,10,16,0,95,125,11,16,0,95,125,12,16,0,95,125,13,16,0,95,125,14,16,0,95,125,15,16,0,95,125,16,16,0,95,125,17,16,0,95,125,18,16,0,95,125,19,16,0,95,125,20,16,0,95,125,21,16,0,95,125,22,16,0,95,125,23,16,0,95,125,24,16,0,95,125,25,16,0,95,125,26,16,0,95,125,27,16,0,95,125,28,16,154,156,163,
//7,17,48,53,64,8,17,193,198,200,9,17,0,95,125,10,17,0,95,125,11,17,0,95,125,12,17,0,95,125,13,17,0,95,125,14,17,0,95,125,15,17,0,95,125,16,17,0,95,125,17,17,0,95,125,18,17,0,95,125,19,17,0,95,125,20,17,0,95,125,21,17,0,95,125,22,17,0,95,125,23,17,0,95,125,24,17,0,95,125,25,17,0,95,125,26,17,0,95,125,27,17,138,141,147,28,17,66,70,79,
//8,18,106,110,118,9,18,0,95,125,10,18,0,95,125,11,18,0,95,125,12,18,0,95,125,13,18,0,95,125,14,18,0,95,125,15,18,0,95,125,16,18,0,95,125,17,18,0,95,125,18,18,0,95,125,19,18,0,95,125,20,18,0,95,125,21,18,0,95,125,22,18,0,95,125,23,18,0,95,125,24,18,0,95,125,25,18,0,95,125,26,18,0,95,125,27,18,161,163,169,28,18,47,51,62,
//8,19,47,52,62,9,19,185,187,191,10,19,0,95,125,11,19,0,95,125,12,19,0,95,125,13,19,0,95,125,14,19,0,95,125,15,19,0,95,125,16,19,0,95,125,17,19,0,95,125,18,19,0,95,125,19,19,0,95,125,20,19,0,95,125,21,19,0,95,125,22,19,0,95,125,23,19,0,95,125,24,19,0,95,125,25,19,0,95,125,26,19,0,95,125,27,19,0,95,125,28,19,111,114,122,29,19,45,50,62,
//8,20,44,50,60,9,20,166,169,173,10,20,0,95,125,11,20,0,95,125,12,20,0,95,125,13,20,0,95,125,14,20,0,95,125,15,20,0,95,125,16,20,0,95,125,17,20,0,95,125,18,20,0,95,125,19,20,0,95,125,20,20,0,95,125,21,20,0,95,125,22,20,0,95,125,23,20,0,95,125,24,20,0,95,125,25,20,0,95,125,26,20,0,95,125,27,20,0,95,125,28,20,0,95,125,29,20,120,122,131,30,20,55,59,71,
//9,21,145,148,154,10,21,0,95,125,11,21,0,95,125,12,21,0,95,125,13,21,0,95,125,14,21,0,95,125,15,21,0,95,125,16,21,0,95,125,17,21,0,95,125,18,21,0,95,125,19,21,0,95,125,20,21,0,95,125,21,21,0,95,125,22,21,0,95,125,23,21,0,95,125,24,21,0,95,125,25,21,0,95,125,26,21,0,95,125,27,21,0,95,125,28,21,0,95,125,29,21,0,95,125,30,21,121,123,133,
//9,22,124,127,135,10,22,0,95,125,11,22,0,95,125,12,22,0,95,125,13,22,0,95,125,14,22,0,95,125,15,22,0,95,125,16,22,0,95,125,17,22,0,95,125,18,22,0,95,125,19,22,0,95,125,20,22,0,95,125,21,22,0,95,125,22,22,0,95,125,23,22,0,95,125,24,22,0,95,125,25,22,0,95,125,26,22,0,95,125,27,22,0,95,125,28,22,0,95,125,29,22,0,95,125,30,22,91,95,104,
//9,23,105,108,116,10,23,0,95,125,11,23,0,95,125,12,23,0,95,125,13,23,0,95,125,14,23,0,95,125,15,23,0,95,125,16,23,0,95,125,17,23,0,95,125,18,23,0,95,125,19,23,0,95,125,20,23,0,95,125,21,23,0,95,125,22,23,0,95,125,23,23,0,95,125,24,23,0,95,125,25,23,0,95,125,26,23,0,95,125,27,23,0,95,125,28,23,0,95,125,29,23,176,177,179,30,23,55,61,70,
//9,24,82,87,97,10,24,0,95,125,11,24,0,95,125,12,24,0,95,125,13,24,0,95,125,14,24,0,95,125,15,24,0,95,125,16,24,0,95,125,17,24,0,95,125,18,24,0,95,125,19,24,0,95,125,20,24,0,95,125,21,24,0,95,125,22,24,0,95,125,23,24,0,95,125,24,24,0,95,125,25,24,0,95,125,26,24,0,95,125,27,24,0,95,125,28,24,0,95,125,29,24,164,165,168,30,24,47,53,64,
//9,25,60,67,78,10,25,0,95,125,11,25,0,95,125,12,25,0,95,125,13,25,0,95,125,14,25,0,95,125,15,25,0,95,125,16,25,0,95,125,17,25,0,95,125,18,25,0,95,125,19,25,0,95,125,20,25,0,95,125,21,25,0,95,125,22,25,0,95,125,23,25,0,95,125,24,25,0,95,125,25,25,0,95,125,26,25,0,95,125,27,25,0,95,125,28,25,0,95,125,29,25,180,181,185,30,25,50,56,66,
//9,26,48,53,65,10,26,167,168,173,11,26,0,95,125,12,26,0,95,125,13,26,0,95,125,14,26,0,95,125,15,26,0,95,125,16,26,0,95,125,17,26,0,95,125,18,26,0,95,125,19,26,0,95,125,20,26,0,95,125,21,26,0,95,125,22,26,0,95,125,23,26,0,95,125,24,26,0,95,125,25,26,0,95,125,26,26,0,95,125,27,26,0,95,125,28,26,0,95,125,29,26,190,191,195,30,26,58,64,74,
//10,27,102,104,112,11,27,0,95,125,12,27,0,95,125,13,27,0,95,125,14,27,0,95,125,15,27,0,95,125,16,27,0,95,125,17,27,0,95,125,18,27,0,95,125,19,27,0,95,125,20,27,0,95,125,21,27,0,95,125,22,27,0,95,125,23,27,0,95,125,24,27,0,95,125,25,27,0,95,125,26,27,0,95,125,27,27,0,95,125,28,27,0,95,125,29,27,179,180,185,30,27,57,62,73,
//10,28,56,60,71,11,28,0,95,125,12,28,0,95,125,13,28,0,95,125,14,28,0,95,125,15,28,0,95,125,16,28,0,95,125,17,28,0,95,125,18,28,0,95,125,19,28,0,95,125,20,28,0,95,125,21,28,0,95,125,22,28,0,95,125,23,28,0,95,125,24,28,0,95,125,25,28,0,95,125,26,28,0,95,125,27,28,0,95,125,28,28,0,95,125,29,28,132,135,141,30,28,48,52,62,
//11,29,153,156,161,12,29,0,95,125,13,29,0,95,125,14,29,0,95,125,15,29,0,95,125,16,29,0,95,125,17,29,0,95,125,18,29,0,95,125,19,29,0,95,125,20,29,0,95,125,21,29,0,95,125,22,29,0,95,125,23,29,0,95,125,24,29,0,95,125,25,29,0,95,125,26,29,0,95,125,27,29,0,95,125,28,29,0,95,125,29,29,75,79,89,
//11,30,87,90,99,12,30,0,95,125,13,30,0,95,125,14,30,0,95,125,15,30,0,95,125,16,30,0,95,125,17,30,0,95,125,18,30,0,95,125,19,30,0,95,125,20,30,0,95,125,21,30,0,95,125,22,30,0,95,125,23,30,0,95,125,24,30,0,95,125,25,30,0,95,125,26,30,0,95,125,27,30,0,95,125,28,30,0,95,125,29,30,59,63,74,
//11,31,48,51,63,12,31,173,175,180,13,31,0,95,125,14,31,0,95,125,15,31,0,95,125,16,31,0,95,125,17,31,0,95,125,18,31,0,95,125,19,31,0,95,125,20,31,0,95,125,21,31,0,95,125,22,31,0,95,125,23,31,0,95,125,24,31,0,95,125,25,31,0,95,125,26,31,0,95,125,27,31,0,95,125,28,31,0,95,125,29,31,73,76,84,
//12,32,108,112,118,13,32,0,95,125,14,32,0,95,125,15,32,0,95,125,16,32,0,95,125,17,32,0,95,125,18,32,0,95,125,19,32,0,95,125,20,32,0,95,125,21,32,0,95,125,22,32,0,95,125,23,32,0,95,125,24,32,0,95,125,25,32,0,95,125,26,32,0,95,125,27,32,0,95,125,28,32,0,95,125,29,32,114,116,122,
//12,33,52,57,67,13,33,148,152,157,14,33,191,193,196,15,33,0,95,125,16,33,0,95,125,17,33,0,95,125,18,33,0,95,125,19,33,0,95,125,20,33,0,95,125,21,33,0,95,125,22,33,0,95,125,23,33,0,95,125,24,33,0,95,125,25,33,0,95,125,26,33,0,95,125,27,33,0,95,125,28,33,0,95,125,29,33,158,160,163,30,33,48,53,63,
//13,34,50,54,68,14,34,64,70,80,15,34,84,87,97,16,34,155,156,162,17,34,0,95,125,18,34,0,95,125,19,34,0,95,125,20,34,0,95,125,21,34,0,95,125,22,34,0,95,125,23,34,0,95,125,24,34,0,95,125,25,34,0,95,125,26,34,0,95,125,27,34,0,95,125,28,34,0,95,125,29,34,195,196,199,30,34,62,68,77,
//16,35,50,53,64,17,35,142,144,149,18,35,0,95,125,19,35,0,95,125,20,35,0,95,125,21,35,0,95,125,22,35,0,95,125,23,35,0,95,125,24,35,0,95,125,25,35,0,95,125,26,35,0,95,125,27,35,0,95,125,28,35,0,95,125,29,35,0,95,125,30,35,78,85,93,
//17,36,49,52,63,18,36,129,129,136,19,36,0,95,125,20,36,0,95,125,21,36,0,95,125,22,36,0,95,125,23,36,0,95,125,24,36,0,95,125,25,36,0,95,125,26,36,0,95,125,27,36,0,95,125,28,36,0,95,125,29,36,0,95,125,30,36,82,88,96,
//18,37,47,51,63,19,37,108,111,119,20,37,177,180,184,21,37,188,191,193,22,37,176,178,182,23,37,146,148,153,24,37,131,133,138,25,37,156,158,163,26,37,0,95,125,27,37,0,95,125,28,37,0,95,125,29,37,185,188,191,30,37,65,71,80,
//20,38,57,61,73,21,38,65,69,79,22,38,57,62,73,23,38,48,52,64,25,38,49,53,63,26,38,88,92,101,27,38,160,163,170,28,38,193,196,200,29,38,113,117,123,30,38,46,51,62,
//27,39,45,50,60,28,39,52,57,67,29,39,45,50,62
//};

// Easter bunny
// ===================== Flag 32 x 13======================
//byte pict2[] = {
//1,0,56,50,68,2,0,186,160,230,3,0,80,70,98,21,0,47,46,33,22,0,247,247,135,23,0,155,153,94,42,0,232,145,178,43,0,170,117,139,
//1,1,12,11,14,2,1,184,157,232,3,1,180,157,232,4,1,90,81,115,22,1,248,246,141,23,1,251,247,123,24,1,200,201,119,42,1,171,114,136,43,1,236,144,180,44,1,214,142,170,45,1,28,21,23,
//2,2,186,160,232,3,2,184,158,235,4,2,182,158,235,5,2,67,59,86,12,2,12,11,13,13,2,21,20,25,22,2,200,199,114,23,2,250,247,122,24,2,248,248,129,25,2,186,184,111,33,2,45,46,31,42,2,128,82,100,43,2,233,145,179,44,2,235,145,180,45,2,185,122,145,53,2,39,29,33,
//2,3,151,130,190,3,3,183,157,235,4,3,183,157,234,5,3,184,157,233,6,3,47,41,57,12,3,148,131,184,13,3,183,158,231,14,3,104,92,128,22,3,170,169,97,23,3,249,247,124,24,3,249,246,132,25,3,251,246,126,26,3,109,108,67,32,3,200,201,121,33,3,247,250,128,34,3,188,186,114,42,3,124,86,100,43,3,234,144,177,44,3,233,146,179,45,3,232,147,180,46,3,95,65,77,52,3,124,88,102,53,3,231,148,179,54,3,195,137,159,
//2,4,138,120,174,3,4,185,156,236,4,4,185,156,235,5,4,185,157,235,6,4,138,119,170,11,4,68,61,85,12,4,183,156,237,13,4,184,158,238,14,4,183,157,232,15,4,172,149,214,16,4,150,129,186,17,4,69,60,86,22,4,139,138,80,23,4,248,247,125,24,4,249,246,129,25,4,251,246,125,26,4,231,232,123,27,4,31,31,22,31,4,77,77,51,32,4,250,245,136,33,4,253,247,125,34,4,252,246,125,35,4,247,247,136,36,4,247,248,139,37,4,168,170,100,42,4,84,56,67,43,4,235,146,179,44,4,234,146,180,45,4,233,143,178,46,4,229,149,181,47,4,26,20,23,52,4,215,140,169,53,4,234,145,180,54,4,235,143,179,55,4,229,145,178,56,4,182,119,142,57,4,181,125,146,58,4,13,11,12,
//2,5,103,89,127,3,5,185,156,236,4,5,185,156,236,5,5,183,156,235,6,5,184,157,233,7,5,45,40,55,11,5,113,99,143,12,5,186,156,237,13,5,184,158,236,14,5,184,158,236,15,5,186,157,237,16,5,186,156,237,17,5,183,157,231,18,5,12,11,14,22,5,140,138,86,23,5,248,246,127,24,5,251,247,126,25,5,252,246,127,26,5,250,246,130,27,5,123,123,75,31,5,157,153,96,32,5,253,245,125,33,5,254,248,122,34,5,253,248,122,35,5,251,247,130,36,5,251,247,128,37,5,249,245,131,38,5,62,61,41,42,5,56,39,46,43,5,230,146,179,44,5,234,145,180,45,5,235,144,180,46,5,236,143,179,47,5,138,95,113,51,5,82,57,66,52,5,233,145,178,53,5,233,146,180,54,5,235,145,180,55,5,235,144,180,56,5,235,144,179,57,5,231,147,178,58,5,83,57,67,
//2,6,67,61,82,3,6,184,158,236,4,6,185,157,237,5,6,184,158,237,6,6,184,155,235,7,6,114,100,145,11,6,161,140,202,12,6,186,156,235,13,6,186,157,237,14,6,186,157,237,15,6,186,157,237,16,6,187,156,237,17,6,184,157,238,18,6,68,61,86,22,6,62,62,42,23,6,248,245,130,24,6,251,246,127,25,6,253,245,127,26,6,252,246,127,27,6,235,231,131,31,6,203,201,118,32,6,252,246,125,33,6,252,247,124,34,6,252,247,124,35,6,252,246,128,36,6,252,246,127,37,6,252,246,126,38,6,156,153,90,42,6,14,11,12,43,6,228,145,178,44,6,233,146,180,45,6,235,145,180,46,6,236,145,180,47,6,233,148,181,48,6,15,10,12,51,6,143,95,114,52,6,233,145,179,53,6,232,145,179,54,6,233,145,179,55,6,234,144,179,56,6,234,143,180,57,6,233,143,180,58,6,216,143,171,
//2,7,23,21,27,3,7,182,159,234,4,7,184,157,237,5,7,186,157,237,6,7,185,157,237,7,7,170,148,215,8,7,12,11,14,10,7,12,11,14,11,7,172,149,217,12,7,186,157,237,13,7,186,157,238,14,7,186,156,238,15,7,186,157,237,16,7,187,156,236,17,7,185,157,238,18,7,147,131,187,23,7,249,245,133,24,7,253,245,127,25,7,253,245,125,26,7,252,246,126,27,7,251,246,131,28,7,31,30,20,31,7,218,216,119,32,7,252,246,125,33,7,252,246,126,34,7,252,246,125,35,7,252,247,123,36,7,251,247,124,37,7,252,246,128,38,7,246,246,132,43,7,187,123,148,44,7,232,146,180,45,7,233,146,180,46,7,234,145,180,47,7,234,147,181,48,7,97,68,79,51,7,156,102,123,52,7,232,145,179,53,7,232,145,179,54,7,232,145,179,55,7,235,144,179,56,7,234,143,180,57,7,234,143,180,58,7,230,147,179,59,7,27,20,23,
//3,8,148,132,184,4,8,183,157,237,5,8,185,157,237,6,8,184,158,236,7,8,181,158,233,8,8,34,31,42,10,8,11,10,13,11,8,183,157,234,12,8,186,157,236,13,8,186,157,235,14,8,184,157,234,15,8,187,158,236,16,8,189,158,235,17,8,186,157,237,18,8,180,158,236,19,8,34,31,41,23,8,153,153,86,24,8,251,246,125,25,8,253,245,125,26,8,252,246,125,27,8,253,245,125,28,8,124,124,76,30,8,16,16,11,31,8,233,230,123,32,8,252,246,126,33,8,252,246,126,34,8,252,247,129,35,8,251,245,134,36,8,250,247,125,37,8,252,246,124,38,8,249,247,121,39,8,108,107,66,43,8,124,85,99,44,8,234,145,180,45,8,232,145,179,46,8,233,146,180,47,8,233,146,180,48,8,127,83,100,51,8,187,122,147,52,8,232,145,179,53,8,232,145,179,54,8,233,145,180,55,8,234,146,180,56,8,233,145,179,57,8,233,144,179,58,8,231,146,179,59,8,141,95,113,
//3,9,88,79,106,4,9,183,156,239,5,9,185,157,237,6,9,185,157,237,7,9,184,158,237,8,9,91,81,112,10,9,47,43,55,11,9,183,157,235,12,9,186,157,238,13,9,186,157,237,14,9,137,119,171,15,9,24,21,29,16,9,152,130,187,17,9,184,158,234,18,9,182,159,239,19,9,168,152,208,23,9,93,92,60,24,9,250,246,129,25,9,253,246,129,26,9,251,246,126,27,9,250,246,128,28,9,187,185,112,30,9,16,16,11,31,9,250,246,132,32,9,252,246,126,33,9,252,247,125,34,9,249,246,139,35,9,110,108,70,36,9,185,185,106,37,9,250,247,125,38,9,251,246,124,39,9,248,246,134,40,9,31,31,22,43,9,41,31,35,44,9,233,145,179,45,9,233,145,179,46,9,233,146,180,47,9,233,146,180,48,9,186,121,147,51,9,201,130,158,52,9,234,145,179,53,9,234,144,179,54,9,229,145,178,55,9,71,49,58,56,9,125,83,100,57,9,231,146,179,58,9,235,144,179,59,9,232,143,178,
//3,10,12,11,14,4,10,171,150,217,5,10,184,158,237,6,10,185,157,237,7,10,185,157,239,8,10,115,101,145,10,10,58,53,69,11,10,183,157,235,12,10,186,157,235,13,10,185,158,234,14,10,70,61,86,17,10,68,62,83,18,10,77,70,100,19,10,44,40,54,24,10,217,214,127,25,10,252,247,125,26,10,250,247,127,27,10,250,248,125,28,10,217,214,127,30,10,47,47,32,31,10,249,244,129,32,10,251,244,129,33,10,251,245,130,34,10,124,122,73,37,10,92,92,62,38,10,154,154,93,39,10,109,108,66,40,10,15,15,11,44,10,153,102,122,45,10,232,145,179,46,10,233,146,180,47,10,233,146,180,48,10,215,138,168,51,10,201,128,157,52,10,234,144,179,53,10,233,144,179,54,10,155,105,125,57,10,27,21,23,58,10,140,99,116,59,10,126,91,105,
//4,11,78,71,95,5,11,181,159,234,6,11,184,158,234,7,11,185,157,236,8,11,125,110,157,10,11,58,51,72,11,11,183,156,235,12,11,186,157,234,13,11,126,110,159,24,11,62,62,41,25,11,249,248,131,26,11,250,247,127,27,11,248,247,126,28,11,216,215,119,30,11,31,31,20,31,11,249,247,126,32,11,252,247,125,33,11,251,246,140,34,11,46,46,32,44,11,14,10,11,45,11,230,151,182,46,11,235,143,179,47,11,233,146,180,48,11,225,150,180,49,11,13,10,12,51,11,200,128,156,52,11,235,144,179,53,11,231,145,178,54,11,41,30,34,
//5,12,113,101,140,6,12,184,159,233,7,12,184,157,235,8,12,183,160,234,9,12,146,128,185,10,12,161,139,202,11,12,184,156,235,12,12,185,158,232,13,12,57,50,70,25,12,154,154,96,26,12,249,247,129,27,12,249,247,127,28,12,249,247,126,29,12,249,247,138,30,12,249,247,139,31,12,250,246,128,32,12,250,247,127,33,12,141,137,84,45,12,82,61,70,46,12,224,148,178,47,12,234,145,180,48,12,234,145,179,49,12,219,140,171,50,12,233,150,182,51,12,235,144,179,52,12,236,144,180,53,12,159,103,125,
//5,13,11,10,14,6,13,174,149,217,7,13,184,156,234,8,13,183,156,236,9,13,184,156,236,10,13,185,156,236,11,13,185,156,236,12,13,173,147,221,13,13,49,44,57,25,13,16,15,11,26,13,219,216,124,27,13,250,247,127,28,13,251,247,124,29,13,252,246,125,30,13,252,246,125,31,13,252,246,125,32,13,250,248,128,33,13,123,124,80,46,13,158,104,125,47,13,233,145,179,48,13,233,144,179,49,13,234,144,179,50,13,234,144,179,51,13,234,145,179,52,13,234,145,180,53,13,127,86,102,
//5,14,114,101,140,6,14,185,157,236,7,14,185,156,236,8,14,185,156,236,9,14,185,156,236,10,14,185,156,236,11,14,185,156,236,12,14,184,156,236,13,14,169,150,213,25,14,124,124,74,26,14,248,249,124,27,14,250,247,126,28,14,252,247,124,29,14,252,246,125,30,14,252,246,125,31,14,252,246,125,32,14,252,247,126,33,14,249,246,131,34,14,31,31,21,45,14,70,50,57,46,14,230,147,177,47,14,233,145,179,48,14,233,145,179,49,14,234,144,179,50,14,233,144,179,51,14,232,146,179,52,14,232,147,180,53,14,235,144,179,54,14,58,41,48,
//4,15,22,20,27,5,15,182,158,229,6,15,185,155,234,7,15,186,155,236,8,15,186,155,236,9,15,185,156,236,10,15,185,156,236,11,15,185,156,236,12,15,185,157,236,13,15,183,157,238,14,15,69,63,84,24,15,15,15,10,25,15,217,216,116,26,15,250,249,126,27,15,250,247,124,28,15,252,246,124,29,15,252,246,125,30,15,252,246,125,31,15,252,246,125,32,15,253,247,126,33,15,252,248,124,34,15,138,138,84,45,15,184,123,145,46,15,235,144,177,47,15,233,146,179,48,15,234,145,179,49,15,234,144,179,50,15,233,144,179,51,15,233,145,179,52,15,233,146,180,53,15,237,143,179,54,15,183,124,146,
//4,16,80,70,99,5,16,183,155,238,6,16,185,156,236,7,16,185,156,236,8,16,185,156,236,9,16,185,156,236,10,16,185,156,236,11,16,185,156,236,12,16,183,156,236,13,16,183,158,237,14,16,113,101,142,24,16,78,77,48,25,16,252,245,127,26,16,252,246,125,27,16,252,246,125,28,16,252,246,125,29,16,252,246,125,30,16,252,246,125,31,16,252,246,125,32,16,253,247,126,33,16,253,247,125,34,16,217,215,122,44,16,28,21,24,45,16,230,147,178,46,16,232,145,179,47,16,232,145,179,48,16,233,144,179,49,16,234,144,179,50,16,234,144,179,51,16,234,144,179,52,16,234,144,179,53,16,234,144,179,54,16,215,136,167,
//4,17,150,128,186,5,17,185,155,239,6,17,185,156,235,7,17,185,156,236,8,17,185,156,236,9,17,185,156,236,10,17,185,156,236,11,17,185,156,236,12,17,184,156,235,13,17,185,158,236,14,17,171,148,212,24,17,186,185,107,25,17,253,246,128,26,17,252,246,125,27,17,252,246,125,28,17,252,246,125,29,17,252,246,125,30,17,252,246,125,31,17,252,246,125,32,17,252,247,126,33,17,252,247,125,34,17,251,247,128,35,17,62,60,40,44,17,99,67,80,45,17,232,145,179,46,17,233,144,179,47,17,234,144,179,48,17,234,144,179,49,17,234,144,179,50,17,234,144,179,51,17,234,144,179,52,17,234,144,179,53,17,234,144,179,54,17,234,144,179,55,17,84,59,69,
//3,18,46,41,54,4,18,186,159,235,5,18,186,156,240,6,18,185,156,236,7,18,185,156,236,8,18,185,156,236,9,18,185,156,236,10,18,185,156,236,11,18,185,156,236,12,18,185,156,234,13,18,186,157,236,14,18,185,157,233,15,18,57,50,69,23,18,31,32,21,24,18,248,248,136,25,18,252,246,127,26,18,252,246,125,27,18,252,246,125,28,18,252,246,125,29,18,252,246,125,30,18,252,246,125,31,18,252,246,125,32,18,251,248,127,33,18,251,248,126,34,18,252,246,128,35,18,139,138,83,44,18,197,133,158,45,18,234,144,179,46,18,234,144,179,47,18,234,144,179,48,18,234,144,179,49,18,234,144,179,50,18,234,144,179,51,18,234,144,179,52,18,234,144,179,53,18,234,144,179,54,18,234,145,179,55,18,187,123,149,
//3,19,67,61,82,4,19,185,157,235,5,19,186,156,241,6,19,185,156,234,7,19,185,156,234,8,19,185,156,236,9,19,185,156,236,10,19,185,156,236,11,19,185,156,236,12,19,185,156,235,13,19,186,156,239,14,19,185,156,235,15,19,91,80,109,23,19,77,78,51,24,19,248,248,132,25,19,252,247,128,26,19,252,246,125,27,19,252,246,125,28,19,252,246,125,29,19,252,246,125,30,19,252,246,125,31,19,252,246,125,32,19,252,246,125,33,19,252,246,126,34,19,252,246,128,35,19,170,170,99,44,19,214,137,167,45,19,234,144,179,46,19,234,144,179,47,19,233,144,179,48,19,234,144,179,49,19,234,144,179,50,19,234,144,179,51,19,234,144,179,52,19,234,144,179,53,19,233,144,179,54,19,232,145,179,55,19,204,130,159,
//3,20,57,52,70,4,20,183,157,237,5,20,186,156,239,6,20,185,156,234,7,20,185,156,235,8,20,185,156,236,9,20,185,156,236,10,20,185,156,236,11,20,185,156,236,12,20,185,156,236,13,20,186,156,240,14,20,182,157,232,15,20,45,40,55,23,20,31,31,21,24,20,248,247,134,25,20,252,247,127,26,20,252,246,125,27,20,252,246,125,28,20,252,246,125,29,20,252,246,125,30,20,252,246,125,31,20,252,246,125,32,20,252,246,125,33,20,252,246,126,34,20,250,246,129,35,20,124,123,74,44,20,217,139,169,45,20,234,144,179,46,20,234,144,179,47,20,233,144,179,48,20,234,144,179,49,20,234,144,179,50,20,234,144,179,51,20,234,144,179,52,20,234,144,179,53,20,236,143,179,54,20,236,144,180,55,20,127,85,102,
//4,21,114,100,140,5,21,182,156,228,6,21,184,156,234,7,21,185,156,236,8,21,185,156,236,9,21,185,156,236,10,21,185,156,236,11,21,185,156,236,12,21,185,156,237,13,21,185,157,232,14,21,91,80,111,24,21,154,155,96,25,21,250,247,129,26,21,252,246,125,27,21,252,246,125,28,21,252,246,125,29,21,252,246,125,30,21,252,246,125,31,21,252,246,125,32,21,252,246,125,33,21,250,245,126,34,21,154,152,92,35,21,16,16,10,44,21,83,59,69,45,21,230,146,179,46,21,235,145,180,47,21,235,144,180,48,21,234,144,179,49,21,234,144,179,50,21,234,144,179,51,21,233,144,179,52,21,235,143,179,53,21,233,146,180,54,21,155,104,124,55,21,28,21,24,
//4,22,12,10,14,5,22,149,129,186,6,22,185,156,235,7,22,185,156,236,8,22,185,156,236,9,22,185,156,236,10,22,185,156,236,11,22,185,156,236,12,22,185,156,237,13,22,185,157,232,14,22,60,53,71,24,22,15,15,11,25,22,218,216,123,26,22,252,246,125,27,22,252,246,125,28,22,252,246,125,29,22,252,246,125,30,22,252,246,125,31,22,252,246,125,32,22,252,246,125,33,22,250,246,126,34,22,123,123,77,45,22,159,109,129,46,22,237,144,180,47,22,236,144,180,48,22,234,144,179,49,22,233,145,179,50,22,234,144,179,51,22,233,144,179,52,22,234,144,179,53,22,234,145,180,54,22,174,114,137,
//4,23,125,111,152,5,23,183,157,235,6,23,184,156,235,7,23,185,156,236,8,23,185,156,236,9,23,185,156,236,10,23,185,156,236,11,23,185,156,236,12,23,186,157,235,13,23,185,157,234,14,23,171,146,215,15,23,47,43,55,24,23,171,170,102,25,23,251,247,125,26,23,252,246,125,27,23,252,246,125,28,23,252,246,125,29,23,252,246,125,30,23,252,246,125,31,23,252,246,125,32,23,252,246,125,33,23,252,246,123,34,23,249,245,132,35,23,108,108,70,44,23,97,68,80,45,23,230,147,180,46,23,235,143,179,47,23,235,144,179,48,23,233,145,179,49,23,232,145,179,50,23,234,144,179,51,23,234,144,179,52,23,234,144,179,53,23,234,144,179,54,23,234,147,181,55,23,111,77,91,
//3,24,79,70,97,4,24,183,158,231,5,24,185,157,237,6,24,185,156,236,7,24,185,156,236,8,24,185,156,236,9,24,185,156,236,10,24,185,156,236,11,24,185,156,236,12,24,185,156,236,13,24,186,157,237,14,24,185,156,238,15,24,172,152,214,23,24,76,76,47,24,24,249,247,127,25,24,251,246,126,26,24,252,246,125,27,24,252,246,125,28,24,252,246,125,29,24,252,246,125,30,24,252,246,125,31,24,252,246,125,32,24,252,246,125,33,24,252,246,125,34,24,251,246,125,35,24,233,232,122,36,24,31,31,21,43,24,40,28,32,44,24,229,150,181,45,24,235,144,180,46,24,235,144,179,47,24,233,145,180,48,24,234,144,179,49,24,234,144,179,50,24,234,144,179,51,24,234,144,179,52,24,234,144,179,53,24,234,144,179,54,24,234,144,179,55,24,234,147,181,56,24,70,51,58,
//2,25,35,31,42,3,25,181,159,232,4,25,183,156,236,5,25,184,156,236,6,25,185,156,236,7,25,185,156,236,8,25,185,156,236,9,25,185,156,236,10,25,185,156,236,11,25,185,156,236,12,25,185,156,236,13,25,185,156,236,14,25,185,157,237,15,25,183,156,236,16,25,67,59,85,22,25,31,31,21,23,25,234,231,132,24,25,251,247,125,25,25,251,247,125,26,25,252,246,125,27,25,252,246,125,28,25,252,246,125,29,25,252,246,125,30,25,252,246,125,31,25,252,246,126,32,25,251,247,125,33,25,251,246,125,34,25,251,246,125,35,25,248,248,124,36,25,170,171,102,43,25,169,112,134,44,25,236,144,181,45,25,235,144,180,46,25,234,144,179,47,25,234,145,179,48,25,234,144,179,49,25,234,144,179,50,25,234,144,179,51,25,234,144,179,52,25,234,144,179,53,25,234,144,179,54,25,234,144,179,55,25,233,146,180,56,25,183,121,145,
//2,26,101,92,122,3,26,183,157,235,4,26,183,156,236,5,26,183,156,236,6,26,184,156,236,7,26,185,156,236,8,26,185,156,236,9,26,185,156,236,10,26,185,156,236,11,26,185,156,236,12,26,185,156,236,13,26,185,156,236,14,26,185,156,236,15,26,185,156,237,16,26,147,129,187,22,26,108,107,66,23,26,250,246,129,24,26,251,246,126,25,26,251,247,125,26,26,252,246,125,27,26,252,246,125,28,26,252,246,125,29,26,252,246,125,30,26,252,246,125,31,26,252,246,125,32,26,250,247,125,33,26,250,247,125,34,26,251,246,125,35,26,250,247,125,36,26,249,246,136,42,26,54,40,46,43,26,230,145,179,44,26,234,145,181,45,26,234,144,179,46,26,234,144,179,47,26,234,144,179,48,26,234,144,179,49,26,234,144,179,50,26,234,144,179,51,26,234,144,179,52,26,234,144,179,53,26,234,144,179,54,26,234,144,179,55,26,234,144,179,56,26,231,147,180,57,26,27,19,22,
//2,27,137,119,173,3,27,185,156,236,4,27,185,156,236,5,27,183,156,236,6,27,184,156,236,7,27,185,156,236,8,27,182,155,233,9,27,184,156,237,10,27,184,156,237,11,27,184,156,236,12,27,184,156,236,13,27,185,156,236,14,27,185,156,236,15,27,185,156,236,16,27,181,158,231,22,27,169,170,97,23,27,249,247,126,24,27,250,247,126,25,27,251,247,124,26,27,252,246,125,27,27,252,246,126,28,27,252,246,125,29,27,250,247,124,30,27,251,247,122,31,27,252,247,124,32,27,252,246,125,33,27,252,246,125,34,27,252,246,125,35,27,252,246,125,36,27,250,247,127,37,27,77,78,51,42,27,113,78,91,43,27,232,145,177,44,27,232,147,179,45,27,234,144,179,46,27,234,144,179,47,27,234,144,179,48,27,234,144,179,49,27,234,145,179,50,27,234,144,179,51,27,234,144,179,52,27,234,144,179,53,27,234,144,179,54,27,235,143,179,55,27,234,144,179,56,27,233,146,180,57,27,82,56,67,
//2,28,185,160,235,3,28,186,155,236,4,28,185,156,236,5,28,183,156,236,6,28,185,157,236,7,28,181,156,231,8,28,79,70,97,9,28,90,79,112,10,28,125,109,154,11,28,147,129,186,12,28,183,156,236,13,28,185,156,236,14,28,185,156,236,15,28,185,156,235,16,28,182,157,229,17,28,36,34,42,22,28,185,185,106,23,28,251,246,127,24,28,250,247,127,25,28,250,247,123,26,28,251,246,129,27,28,250,246,124,28,28,204,200,114,29,28,126,122,76,30,28,186,184,108,31,28,187,185,102,32,28,251,246,128,33,28,252,246,125,34,28,252,246,125,35,28,251,246,125,36,28,250,247,127,37,28,93,93,61,42,28,127,82,99,43,28,234,144,178,44,28,232,146,179,45,28,234,145,179,46,28,235,144,179,47,28,234,145,180,48,28,183,123,147,49,28,86,58,68,50,28,166,113,133,51,28,157,103,124,52,28,233,143,178,53,28,235,144,179,54,28,235,144,179,55,28,234,145,180,56,28,233,145,179,57,28,81,56,66,
//2,29,150,129,189,3,29,185,156,236,4,29,185,156,236,5,29,184,156,236,6,29,183,156,235,7,29,90,79,111,11,29,11,10,13,12,29,148,129,184,13,29,184,156,236,14,29,185,156,236,15,29,185,156,236,16,29,172,148,220,22,29,186,185,108,23,29,252,246,127,24,29,251,246,128,25,29,250,248,121,26,29,250,247,125,27,29,187,183,109,28,29,31,30,20,31,29,15,15,11,32,29,204,198,120,33,29,253,247,123,34,29,252,247,125,35,29,251,248,125,36,29,249,248,129,37,29,46,46,30,42,29,126,84,101,43,29,234,143,179,44,29,233,145,181,45,29,234,145,180,46,29,236,144,179,47,29,185,123,147,48,29,40,29,33,52,29,125,85,101,53,29,235,145,180,54,29,235,145,180,55,29,233,146,180,56,29,232,145,179,57,29,83,59,69,
//2,30,114,99,143,3,30,185,156,236,4,30,185,156,236,5,30,183,156,236,6,30,168,146,215,12,30,69,60,86,13,30,185,156,234,14,30,184,156,236,15,30,183,156,237,16,30,113,98,145,22,30,108,109,67,23,30,249,247,125,24,30,251,246,126,25,30,250,247,125,26,30,249,245,130,27,30,46,46,32,32,30,63,62,38,33,30,251,248,127,34,30,253,247,126,35,30,252,247,128,36,30,232,231,133,37,30,15,15,11,42,30,85,64,72,43,30,230,146,179,44,30,233,145,181,45,30,235,145,180,46,30,231,146,179,47,30,82,61,69,52,30,14,10,12,53,30,233,147,180,54,30,235,145,180,55,30,233,146,180,56,30,228,149,180,57,30,28,21,24,
//2,31,12,10,14,3,31,186,157,235,4,31,185,156,236,5,31,183,156,236,6,31,148,131,189,12,31,90,79,111,13,31,185,156,234,14,31,184,156,235,15,31,183,157,234,16,31,34,30,41,23,31,235,232,134,24,31,250,246,125,25,31,250,246,126,26,31,234,231,123,27,31,31,31,21,32,31,93,93,61,33,31,251,246,131,34,31,253,247,126,35,31,251,247,130,36,31,141,138,87,43,31,157,102,124,44,31,235,145,181,45,31,235,145,180,46,31,232,148,181,47,31,55,40,46,52,31,28,20,23,53,31,230,144,178,54,31,235,143,179,55,31,233,146,180,56,31,113,74,90,
//1,32,77,70,96,2,32,146,128,182,3,32,186,157,237,4,32,186,156,237,5,32,184,156,236,6,32,137,122,170,12,32,57,50,70,13,32,183,157,234,14,32,184,156,235,15,32,183,156,236,16,32,174,151,219,17,32,112,100,141,18,32,23,22,27,21,32,92,93,57,22,32,200,199,113,23,32,248,246,135,24,32,249,247,125,25,32,251,246,128,26,32,236,230,131,27,32,16,16,11,32,32,63,62,41,33,32,250,244,134,34,32,252,246,125,35,32,250,248,123,36,32,249,245,140,37,32,171,168,100,38,32,79,76,50,41,32,57,38,45,42,32,184,120,145,43,32,216,142,171,44,32,232,146,180,45,32,235,145,180,46,32,231,147,180,47,32,29,21,24,53,32,201,127,156,54,32,235,143,179,55,32,233,146,180,56,32,229,148,180,57,32,180,124,147,58,32,79,59,67,
//0,33,89,80,109,1,33,179,156,235,2,33,184,159,235,3,33,186,157,236,4,33,186,157,237,5,33,185,156,236,6,33,186,157,239,7,33,171,150,211,11,33,69,62,78,12,33,159,137,199,13,33,184,157,234,14,33,184,156,235,15,33,184,156,235,16,33,185,157,236,17,33,184,156,235,18,33,171,148,211,19,33,23,20,27,20,33,92,92,56,21,33,250,249,129,22,33,250,247,126,23,33,249,246,128,24,33,249,247,127,25,33,250,246,128,26,33,250,247,123,27,33,248,245,138,28,33,61,62,43,31,33,31,31,21,32,33,233,231,131,33,33,251,246,124,34,33,252,246,125,35,33,249,246,124,36,33,249,245,124,37,33,253,245,125,38,33,251,245,133,39,33,45,46,30,40,33,70,52,58,41,33,234,147,179,42,33,236,144,180,43,33,234,145,180,44,33,232,146,180,45,33,234,145,180,46,33,237,144,180,47,33,228,144,177,48,33,94,71,80,52,33,196,133,158,53,33,231,144,178,54,33,235,144,179,55,33,233,146,180,56,33,234,144,179,57,33,235,144,179,58,33,231,145,179,59,33,97,71,81,
//0,34,169,148,210,1,34,182,156,233,2,34,185,156,238,3,34,185,156,236,4,34,185,156,236,5,34,185,156,236,6,34,185,156,236,7,34,183,156,234,8,34,150,132,183,9,34,136,118,171,10,34,140,121,175,11,34,162,138,202,12,34,186,158,240,13,34,184,157,234,14,34,184,157,234,15,34,185,156,235,16,34,186,157,237,17,34,186,157,237,18,34,186,157,232,19,34,57,51,70,20,34,201,200,112,21,34,251,248,124,22,34,251,248,122,23,34,251,247,123,24,34,250,247,124,25,34,251,247,124,26,34,251,247,123,27,34,251,245,131,28,34,251,247,142,29,34,205,201,114,30,34,204,200,111,31,34,219,215,119,32,34,251,246,129,33,34,252,246,124,34,34,252,246,125,35,34,252,246,125,36,34,252,246,125,37,34,252,246,125,38,34,251,247,126,39,34,136,141,86,40,34,159,105,126,41,34,233,146,180,42,34,235,145,180,43,34,235,145,180,44,34,234,146,180,45,34,234,145,180,46,34,234,145,180,47,34,233,146,180,48,34,215,140,169,49,34,168,114,136,50,34,185,121,147,51,34,185,122,147,52,34,233,144,179,53,34,234,144,179,54,34,234,144,179,55,34,235,145,180,56,34,233,146,180,57,34,232,
//147,180,58,34,231,145,179,59,34,179,126,146,
//0,35,180,158,235,1,35,182,158,237,2,35,183,158,236,3,35,184,158,235,4,35,184,158,237,5,35,184,158,236,6,35,184,159,231,7,35,184,157,238,8,35,183,157,237,9,35,184,157,237,10,35,184,157,237,11,35,183,156,235,12,35,183,157,232,13,35,183,156,238,14,35,186,157,238,15,35,186,157,235,16,35,186,157,237,17,35,186,157,239,18,35,184,157,234,19,35,45,41,55,20,35,246,245,144,21,35,252,247,124,22,35,253,247,124,23,35,252,246,124,24,35,252,248,127,25,35,252,247,129,26,35,253,247,130,27,35,251,248,125,28,35,251,248,127,29,35,250,247,125,30,35,250,247,126,31,35,250,247,125,32,35,252,245,127,33,35,251,245,128,34,35,250,247,126,35,35,250,247,125,36,35,250,247,125,37,35,250,247,124,38,35,250,246,128,39,35,141,138,91,40,35,184,123,146,41,35,236,143,179,42,35,234,144,179,43,35,235,145,180,44,35,232,147,180,45,35,236,145,180,46,35,235,146,180,47,35,236,144,180,48,35,235,144,180,49,35,233,144,179,50,35,230,144,179,51,35,235,145,180,52,35,232,144,178,53,35,230,147,180,54,35,234,145,180,55,35,235,145,180,56,35,233,146,180,57,35,232,
//147,180,58,35,235,144,179,59,35,139,93,111,
//0,36,81,73,96,1,36,160,140,205,2,36,184,159,236,3,36,161,139,205,4,36,127,110,156,5,36,57,50,68,6,36,36,32,42,7,36,80,70,97,8,36,127,110,157,9,36,149,130,186,10,36,150,131,186,11,36,116,103,139,12,36,35,30,41,13,36,59,52,71,14,36,128,111,157,15,36,188,160,237,16,36,185,159,237,17,36,138,119,171,18,36,69,61,82,19,36,12,11,14,20,36,93,91,62,21,36,252,246,144,22,36,252,247,130,23,36,252,246,131,24,36,221,216,129,25,36,140,137,89,26,36,95,93,60,27,36,124,122,74,28,36,236,233,141,29,36,250,247,141,30,36,250,247,143,31,36,171,168,100,32,36,94,92,60,33,36,110,107,71,34,36,204,201,121,35,36,251,248,131,36,36,251,247,128,37,36,251,247,139,38,36,170,168,109,39,36,16,15,11,40,36,43,31,37,41,36,191,121,153,42,36,234,146,183,43,36,237,148,183,44,36,186,123,148,45,36,126,87,103,46,36,42,29,34,47,36,98,68,81,48,36,141,94,113,49,36,184,122,147,50,36,185,119,146,51,36,169,114,137,52,36,84,60,70,53,36,56,41,48,54,36,140,94,113,55,36,234,152,184,56,36,233,148,181,57,36,203,131,159,58,36,155,107,126,59,36,41,32,35
//
//};

// ===================== Flag 32 x 13 or 30 x 13======================
//byte pict2[] = {
//2,0,9,61,147,3,0,9,61,147,4,0,9,61,147,5,0,9,61,147,6,0,9,61,147,7,0,9,61,147,8,0,9,61,147,9,0,9,61,147,10,0,9,61,147,11,0,9,61,147,12,0,9,61,147,13,0,194,33,20,14,0,194,33,20,15,0,194,33,20,16,0,194,33,20,17,0,194,33,20,18,0,194,33,20,19,0,194,33,20,20,0,194,33,20,21,0,194,33,20,22,0,194,33,20,23,0,194,33,20,24,0,194,33,20,25,0,194,33,20,26,0,194,33,20,27,0,194,33,20,28,0,194,33,20,29,0,194,33,20,
//2,1,9,61,147,3,1,255,255,255,4,1,9,61,147,5,1,255,255,255,6,1,9,61,147,7,1,255,255,255,8,1,9,61,147,9,1,255,255,255,10,1,9,61,147,11,1,255,255,255,12,1,9,61,147,13,1,255,255,255,14,1,255,255,255,15,1,255,255,255,16,1,255,255,255,17,1,255,255,255,18,1,255,255,255,19,1,255,255,255,20,1,255,255,255,21,1,255,255,255,22,1,255,255,255,23,1,255,255,255,24,1,255,255,255,25,1,255,255,255,26,1,255,255,255,27,1,255,255,255,28,1,255,255,255,29,1,255,255,255,
//2,2,9,61,147,3,2,9,61,147,4,2,255,255,255,5,2,9,61,147,6,2,255,255,255,7,2,9,61,147,8,2,255,255,255,9,2,9,61,147,10,2,255,255,255,11,2,9,61,147,12,2,9,61,147,13,2,194,33,20,14,2,194,33,20,15,2,194,33,20,16,2,194,33,20,17,2,194,33,20,18,2,194,33,20,19,2,194,33,20,20,2,194,33,20,21,2,194,33,20,22,2,194,33,20,23,2,194,33,20,24,2,194,33,20,25,2,194,33,20,26,2,194,33,20,27,2,194,33,20,28,2,194,33,20,29,2,194,33,20,
//2,3,9,61,147,3,3,255,255,255,4,3,9,61,147,5,3,255,255,255,6,3,9,61,147,7,3,255,255,255,8,3,9,61,147,9,3,255,255,255,10,3,9,61,147,11,3,255,255,255,12,3,9,61,147,13,3,255,255,255,14,3,255,255,255,15,3,255,255,255,16,3,255,255,255,17,3,255,255,255,18,3,255,255,255,19,3,255,255,255,20,3,255,255,255,21,3,255,255,255,22,3,255,255,255,23,3,255,255,255,24,3,255,255,255,25,3,255,255,255,26,3,255,255,255,27,3,255,255,255,28,3,255,255,255,29,3,255,255,255,
//2,4,9,61,147,3,4,9,61,147,4,4,255,255,255,5,4,9,61,147,6,4,255,255,255,7,4,9,61,147,8,4,255,255,255,9,4,9,61,147,10,4,255,255,255,11,4,9,61,147,12,4,9,61,147,13,4,194,33,20,14,4,194,33,20,15,4,194,33,20,16,4,194,33,20,17,4,194,33,20,18,4,194,33,20,19,4,194,33,20,20,4,194,33,20,21,4,194,33,20,22,4,194,33,20,23,4,194,33,20,24,4,194,33,20,25,4,194,33,20,26,4,194,33,20,27,4,194,33,20,28,4,194,33,20,29,4,194,33,20,
//2,5,9,61,147,3,5,255,255,255,4,5,9,61,147,5,5,255,255,255,6,5,9,61,147,7,5,255,255,255,8,5,9,61,147,9,5,255,255,255,10,5,9,61,147,11,5,255,255,255,12,5,9,61,147,13,5,255,255,255,14,5,255,255,255,15,5,255,255,255,16,5,255,255,255,17,5,255,255,255,18,5,255,255,255,19,5,255,255,255,20,5,255,255,255,21,5,255,255,255,22,5,255,255,255,23,5,255,255,255,24,5,255,255,255,25,5,255,255,255,26,5,255,255,255,27,5,255,255,255,28,5,255,255,255,29,5,255,255,255,
//2,6,9,61,147,3,6,9,61,147,4,6,9,61,147,5,6,9,61,147,6,6,9,61,147,7,6,9,61,147,8,6,9,61,147,9,6,9,61,147,10,6,9,61,147,11,6,9,61,147,12,6,9,61,147,13,6,194,33,20,14,6,194,33,20,15,6,194,33,20,16,6,194,33,20,17,6,194,33,20,18,6,194,33,20,19,6,194,33,20,20,6,194,33,20,21,6,194,33,20,22,6,194,33,20,23,6,194,33,20,24,6,194,33,20,25,6,194,33,20,26,6,194,33,20,27,6,194,33,20,28,6,194,33,20,29,6,194,33,20,
//2,7,255,255,255,3,7,255,255,255,4,7,255,255,255,5,7,255,255,255,6,7,255,255,255,7,7,255,255,255,8,7,255,255,255,9,7,255,255,255,10,7,255,255,255,11,7,255,255,255,12,7,255,255,255,13,7,255,255,255,14,7,255,255,255,15,7,255,255,255,16,7,255,255,255,17,7,255,255,255,18,7,255,255,255,19,7,255,255,255,20,7,255,255,255,21,7,255,255,255,22,7,255,255,255,23,7,255,255,255,24,7,255,255,255,25,7,255,255,255,26,7,255,255,255,27,7,255,255,255,28,7,255,255,255,29,7,255,255,255,
//2,8,194,33,20,3,8,194,33,20,4,8,194,33,20,5,8,194,33,20,6,8,194,33,20,7,8,194,33,20,8,8,194,33,20,9,8,194,33,20,10,8,194,33,20,11,8,194,33,20,12,8,194,33,20,13,8,194,33,20,14,8,194,33,20,15,8,194,33,20,16,8,194,33,20,17,8,194,33,20,18,8,194,33,20,19,8,194,33,20,20,8,194,33,20,21,8,194,33,20,22,8,194,33,20,23,8,194,33,20,24,8,194,33,20,25,8,194,33,20,26,8,194,33,20,27,8,194,33,20,28,8,194,33,20,29,8,194,33,20,
//2,9,255,255,255,3,9,255,255,255,4,9,255,255,255,5,9,255,255,255,6,9,255,255,255,7,9,255,255,255,8,9,255,255,255,9,9,255,255,255,10,9,255,255,255,11,9,255,255,255,12,9,255,255,255,13,9,255,255,255,14,9,255,255,255,15,9,255,255,255,16,9,255,255,255,17,9,255,255,255,18,9,255,255,255,19,9,255,255,255,20,9,255,255,255,21,9,255,255,255,22,9,255,255,255,23,9,255,255,255,24,9,255,255,255,25,9,255,255,255,26,9,255,255,255,27,9,255,255,255,28,9,255,255,255,29,9,255,255,255,
//2,10,194,33,20,3,10,194,33,20,4,10,194,33,20,5,10,194,33,20,6,10,194,33,20,7,10,194,33,20,8,10,194,33,20,9,10,194,33,20,10,10,194,33,20,11,10,194,33,20,12,10,194,33,20,13,10,194,33,20,14,10,194,33,20,15,10,194,33,20,16,10,194,33,20,17,10,194,33,20,18,10,194,33,20,19,10,194,33,20,20,10,194,33,20,21,10,194,33,20,22,10,194,33,20,23,10,194,33,20,24,10,194,33,20,25,10,194,33,20,26,10,194,33,20,27,10,194,33,20,28,10,194,33,20,29,10,194,33,20,
//2,11,255,255,255,3,11,255,255,255,4,11,255,255,255,5,11,255,255,255,6,11,255,255,255,7,11,255,255,255,8,11,255,255,255,9,11,255,255,255,10,11,255,255,255,11,11,255,255,255,12,11,255,255,255,13,11,255,255,255,14,11,255,255,255,15,11,255,255,255,16,11,255,255,255,17,11,255,255,255,18,11,255,255,255,19,11,255,255,255,20,11,255,255,255,21,11,255,255,255,22,11,255,255,255,23,11,255,255,255,24,11,255,255,255,25,11,255,255,255,26,11,255,255,255,27,11,255,255,255,28,11,255,255,255,29,11,255,255,255,
//2,12,194,33,20,3,12,194,33,20,4,12,194,33,20,5,12,194,33,20,6,12,194,33,20,7,12,194,33,20,8,12,194,33,20,9,12,194,33,20,10,12,194,33,20,11,12,194,33,20,12,12,194,33,20,13,12,194,33,20,14,12,194,33,20,15,12,194,33,20,16,12,194,33,20,17,12,194,33,20,18,12,194,33,20,19,12,194,33,20,20,12,194,33,20,21,12,194,33,20,22,12,194,33,20,23,12,194,33,20,24,12,194,33,20,25,12,194,33,20,26,12,194,33,20,27,12,194,33,20,28,12,194,33,20,29,12,194,33,20
//};

// ======================== Olympics 64x31 ====================================
//byte pict2[] = {
//  0,0,153,217,234,1,0,153,217,234,2,0,153,217,234,3,0,153,217,234,4,0,153,217,234,5,0,153,217,234,6,0,153,217,234,7,0,153,217,234,8,0,172,224,238,9,0,172,224,238,10,0,166,222,236,11,0,166,222,236,12,0,172,224,237,13,0,153,217,234,14,0,153,217,234,15,0,153,217,234,16,0,153,217,234,17,0,153,217,234,18,0,159,219,235,19,0,153,217,234,20,0,153,217,234,21,0,153,217,234,22,0,153,217,234,23,0,153,217,234,24,0,153,217,234,25,0,153,217,234,26,0,153,217,234,27,0,153,217,234,28,0,153,217,234,29,0,153,217,234,30,0,153,217,234,31,0,172,224,238,32,0,159,219,235,33,0,153,217,234,34,0,153,217,234,35,0,153,217,234,36,0,153,217,234,37,0,153,217,234,38,0,153,217,234,39,0,153,217,234,40,0,153,217,234,41,0,153,217,234,42,0,153,217,234,43,0,153,217,234,44,0,153,217,234,45,0,153,217,234,46,0,153,217,234,47,0,153,217,234,48,0,153,217,234,49,0,153,217,234,50,0,166,222,237,51,0,172,224,238,52,0,159,219,235,53,0,172,224,238,54,0,172,224,238,55,0,159,219,235,56,0,153,217,234,57,0,153,217,234,58,0,153,217,234,59,0,153,217,234,60,0,153,217,
//234,61,0,153,217,234,62,0,153,217,234,63,0,153,217,234,
//0,1,153,217,234,1,1,153,217,234,2,1,153,217,234,3,1,153,217,234,4,1,153,217,234,5,1,165,222,237,6,1,173,211,228,7,1,106,167,201,8,1,75,141,184,9,1,48,122,171,10,1,42,119,169,11,1,59,130,179,12,1,96,153,191,13,1,121,181,208,14,1,170,222,237,15,1,165,222,237,16,1,153,217,234,17,1,153,217,234,18,1,153,217,234,19,1,153,217,234,20,1,153,217,234,21,1,153,217,234,22,1,153,217,234,23,1,153,217,234,24,1,153,217,234,25,1,153,217,234,26,1,153,217,234,27,1,148,196,209,28,1,95,123,131,29,1,58,70,73,30,1,32,36,37,31,1,15,19,20,32,1,33,33,33,33,1,64,68,69,34,1,107,123,127,35,1,154,194,205,36,1,153,217,234,37,1,153,217,234,38,1,153,217,234,39,1,153,217,234,40,1,153,217,234,41,1,153,217,234,42,1,153,217,234,43,1,153,217,234,44,1,153,217,234,45,1,153,217,234,46,1,153,217,234,47,1,159,219,235,48,1,185,219,232,49,1,215,170,185,50,1,242,100,118,51,1,248,61,84,52,1,245,40,66,53,1,241,42,69,54,1,247,67,88,55,1,243,114,132,56,1,220,181,194,57,1,172,224,237,58,1,153,217,234,59,1,153,217,234,60,1,153,217,234,61,1,153,217,234,62,1,153
//,217,234,63,1,153,217,234,
//0,2,153,217,234,1,2,153,217,234,2,2,153,217,234,3,2,166,222,236,4,2,162,212,230,5,2,95,157,193,6,2,33,113,167,7,2,22,106,162,8,2,36,115,168,9,2,57,129,176,10,2,64,134,180,11,2,47,122,171,12,2,22,107,162,13,2,22,106,162,14,2,24,108,163,15,2,138,181,207,16,2,178,226,239,17,2,153,217,234,18,2,153,217,234,19,2,153,217,234,20,2,153,217,234,21,2,153,217,234,22,2,153,217,234,23,2,153,217,234,24,2,153,217,234,25,2,159,211,225,26,2,72,100,108,27,2,11,15,16,29,2,6,6,6,30,2,33,33,33,31,2,35,43,45,32,2,29,33,34,33,2,2,2,2,36,2,79,95,99,37,2,148,200,213,38,2,153,217,234,39,2,153,217,234,40,2,153,217,234,41,2,153,217,234,42,2,153,217,234,43,2,166,222,237,44,2,153,217,234,45,2,153,217,234,46,2,172,224,238,47,2,233,170,181,48,2,245,50,75,49,2,248,19,48,50,2,247,21,49,51,2,247,41,67,52,2,249,61,84,53,2,249,58,82,54,2,247,31,59,55,2,247,19,48,56,2,248,20,49,57,2,248,71,93,58,2,208,193,206,59,2,159,219,235,60,2,153,217,234,61,2,153,217,234,62,2,153,217,234,63,2,153,217,234,
//0,3,153,217,234,1,3,153,217,234,2,3,159,219,235,3,3,177,214,231,4,3,43,119,171,5,3,21,107,162,6,3,65,137,181,7,3,183,211,228,11,3,195,232,243,12,3,166,210,227,13,3,121,173,204,14,3,32,114,168,15,3,23,106,162,16,3,73,144,187,17,3,165,221,236,18,3,153,217,234,19,3,153,217,234,20,3,153,217,234,21,3,153,217,234,22,3,153,217,234,23,3,153,217,234,24,3,143,203,219,25,3,53,61,63,26,3,1,1,1,27,3,14,18,19,28,3,105,121,125,29,3,151,195,207,30,3,168,220,234,31,3,159,219,235,32,3,159,219,235,33,3,153,201,213,34,3,133,145,148,35,3,24,28,29,37,3,37,41,42,38,3,135,183,196,39,3,153,217,234,40,3,153,217,234,41,3,153,217,234,42,3,153,217,234,43,3,153,217,234,44,3,153,217,234,45,3,159,205,223,46,3,236,113,132,47,3,249,31,58,48,3,247,33,60,49,3,242,95,114,50,3,220,198,207,52,3,185,228,240,55,3,226,178,191,56,3,242,98,117,57,3,247,20,48,58,3,248,24,51,59,3,230,151,165,60,3,159,219,235,61,3,153,217,234,62,3,153,217,234,63,3,153,217,234,
//0,4,153,217,234,1,4,159,219,235,2,4,192,222,234,3,4,40,118,172,4,4,36,115,167,5,4,147,189,214,6,4,177,224,237,7,4,159,219,235,8,4,153,217,234,9,4,153,217,234,10,4,153,217,234,11,4,153,217,234,12,4,153,217,234,13,4,166,222,236,14,4,178,221,235,15,4,80,145,187,16,4,23,107,163,17,4,74,141,183,18,4,172,224,237,19,4,153,217,234,20,4,153,217,234,21,4,153,217,234,22,4,153,217,234,23,4,143,203,219,24,4,42,54,58,26,4,107,107,107,27,4,178,214,224,28,4,153,217,234,29,4,153,217,234,30,4,153,217,234,31,4,153,217,234,32,4,153,217,234,33,4,153,217,234,34,4,153,217,234,35,4,165,221,236,36,4,101,117,121,38,4,26,26,26,39,4,147,199,213,40,4,153,217,234,41,4,153,217,234,42,4,153,217,234,43,4,153,217,234,44,4,178,223,236,45,4,224,113,133,46,4,247,20,50,47,4,247,55,79,48,4,215,187,200,50,4,185,229,240,51,4,153,217,234,52,4,153,217,234,53,4,153,217,234,54,4,153,217,234,55,4,153,217,234,56,4,166,222,237,57,4,207,177,191,58,4,247,35,62,59,4,248,21,50,60,4,218,143,162,61,4,159,219,235,62,4,153,217,234,63,4,153,217,234,
//0,5,153,217,234,1,5,164,218,234,2,5,68,135,179,3,5,23,108,161,4,5,164,198,218,6,5,159,219,235,7,5,153,217,234,8,5,153,217,234,9,5,153,217,234,10,5,153,217,234,11,5,153,217,234,12,5,153,217,234,13,5,153,217,234,14,5,153,217,234,16,5,102,158,194,17,5,22,106,161,18,5,121,174,203,19,5,178,226,239,20,5,153,217,234,21,5,153,217,234,22,5,153,217,234,23,5,79,95,100,25,5,94,106,110,26,5,182,222,232,27,5,153,217,234,28,5,153,217,234,29,5,153,217,234,30,5,153,217,234,31,5,153,217,234,32,5,153,217,234,33,5,153,217,234,34,5,153,217,234,35,5,153,217,234,36,5,153,217,234,37,5,89,113,120,38,5,1,1,1,39,5,59,59,59,40,5,159,219,235,41,5,153,217,234,42,5,153,217,234,43,5,166,222,237,44,5,214,169,185,45,5,247,19,49,46,5,248,53,75,48,5,191,231,242,49,5,159,219,235,50,5,166,222,236,51,5,153,217,234,52,5,153,217,234,53,5,153,217,234,54,5,153,217,234,55,5,153,217,234,56,5,153,217,234,57,5,159,219,235,58,5,202,195,208,59,5,247,23,52,60,5,248,32,58,62,5,153,217,234,63,5,153,217,234,
//0,6,153,217,234,1,6,129,179,207,2,6,22,106,162,3,6,135,180,208,4,6,191,231,242,5,6,166,222,236,6,6,159,219,235,7,6,153,217,234,8,6,153,217,234,9,6,153,217,234,10,6,153,217,234,11,6,153,217,234,12,6,153,217,234,13,6,153,217,234,14,6,153,217,234,15,6,153,217,234,16,6,184,226,238,17,6,43,120,170,18,6,33,114,167,19,6,170,220,235,20,6,153,217,234,21,6,153,217,234,22,6,130,170,181,23,6,2,2,2,24,6,43,47,48,25,6,160,208,221,26,6,153,217,234,27,6,153,217,234,28,6,153,217,234,29,6,153,217,234,30,6,153,217,234,31,6,153,217,234,32,6,153,217,234,33,6,153,217,234,34,6,153,217,234,35,6,153,217,234,36,6,153,217,234,37,6,153,217,234,38,6,64,76,79,39,6,1,1,1,40,6,124,148,155,41,6,153,217,234,42,6,153,217,234,43,6,178,219,232,44,6,249,71,95,45,6,248,32,60,46,6,220,182,193,47,6,165,222,237,48,6,153,217,234,49,6,153,217,234,50,6,153,217,234,51,6,153,217,234,52,6,153,217,234,53,6,153,217,234,54,6,153,217,234,55,6,153,217,234,56,6,153,217,234,57,6,153,217,234,58,6,159,219,235,59,6,245,166,179,60,6,247,20,48,61,6,243,88,109,62,6,159,219,235,63,6,153,217,234,
//0,7,176,224,238,1,7,47,124,174,2,7,38,117,167,4,7,185,229,240,5,7,153,217,234,6,7,153,217,234,7,7,153,217,234,8,7,153,217,234,9,7,153,217,234,10,7,153,217,234,11,7,153,217,234,12,7,153,217,234,13,7,153,217,234,14,7,153,217,234,15,7,153,217,234,16,7,153,217,234,17,7,136,186,211,18,7,23,107,163,19,7,128,179,207,20,7,153,217,234,21,7,153,217,234,22,7,66,86,91,23,7,1,1,1,24,7,116,152,162,25,7,153,217,234,26,7,153,217,234,27,7,153,217,234,28,7,153,217,234,29,7,153,217,234,30,7,153,217,234,31,7,153,217,234,32,7,153,217,234,33,7,153,217,234,34,7,153,217,234,35,7,153,217,234,36,7,153,217,234,37,7,153,217,234,38,7,159,199,210,39,7,3,3,3,40,7,31,35,36,41,7,166,222,236,42,7,153,217,234,43,7,233,179,190,44,7,248,20,49,45,7,250,104,122,47,7,153,217,234,48,7,153,217,234,49,7,153,217,234,50,7,153,217,234,51,7,153,217,234,52,7,153,217,234,53,7,153,217,234,54,7,153,217,234,55,7,153,217,234,56,7,153,217,234,57,7,153,217,234,58,7,153,217,234,59,7,191,231,242,60,7,248,62,86,61,7,247,25,53,62,7,197,206,219,63,7,153,217,234,
//0,8,160,207,227,1,8,21,107,162,2,8,98,157,194,3,8,185,229,240,4,8,159,219,235,5,8,153,217,234,6,8,153,217,234,7,8,153,217,234,8,8,153,217,234,9,8,153,217,234,10,8,153,217,234,11,8,153,217,234,12,8,153,217,234,13,8,153,217,234,14,8,153,217,234,15,8,153,217,234,16,8,153,217,234,17,8,174,221,235,18,8,29,111,165,19,8,58,129,176,20,8,172,224,238,21,8,161,217,232,22,8,18,22,23,23,8,27,27,27,24,8,166,218,232,25,8,153,217,234,26,8,153,217,234,27,8,153,217,234,28,8,153,217,234,29,8,153,217,234,30,8,153,217,234,31,8,153,217,234,32,8,153,217,234,33,8,153,217,234,34,8,153,217,234,35,8,153,217,234,36,8,153,217,234,37,8,153,217,234,38,8,153,217,234,39,8,65,69,70,40,8,5,5,5,41,8,153,197,209,42,8,166,221,236,43,8,231,108,129,44,8,247,20,48,45,8,240,194,201,46,8,159,219,235,47,8,153,217,234,48,8,153,217,234,49,8,153,217,234,50,8,153,217,234,51,8,153,217,234,52,8,153,217,234,53,8,153,217,234,54,8,153,217,234,55,8,153,217,234,56,8,153,217,234,57,8,153,217,234,58,8,153,217,234,59,8,153,217,234,60,8,225,149,166,61,8,247,19,48,62
//,8,225,143,159,63,8,153,217,234,
//0,9,134,186,213,1,9,22,107,162,2,9,160,196,218,3,9,159,219,235,4,9,153,217,234,5,9,153,217,234,6,9,153,217,234,7,9,153,217,234,8,9,153,217,234,9,9,153,217,234,10,9,153,217,234,11,9,153,217,234,12,9,153,217,234,13,9,153,217,234,14,9,153,217,234,15,9,153,217,234,16,9,153,217,234,17,9,166,221,237,18,9,72,138,181,19,9,35,115,168,20,9,186,223,230,21,9,166,218,230,22,9,76,76,76,23,9,85,89,90,24,9,159,219,235,25,9,153,217,234,26,9,153,217,234,27,9,153,217,234,28,9,153,217,234,29,9,153,217,234,30,9,153,217,234,31,9,153,217,234,32,9,153,217,234,33,9,153,217,234,34,9,153,217,234,35,9,153,217,234,36,9,153,217,234,37,9,153,217,234,38,9,153,217,234,39,9,88,116,124,41,9,124,155,160,42,9,172,222,234,43,9,245,126,142,44,9,247,59,81,46,9,153,217,234,47,9,153,217,234,48,9,153,217,234,49,9,153,217,234,50,9,153,217,234,51,9,153,217,234,52,9,153,217,234,53,9,153,217,234,54,9,153,217,234,55,9,153,217,234,56,9,153,217,234,57,9,153,217,234,58,9,153,217,234,59,9,153,217,234,60,9,184,197,212,61,9,247,19,48,62,9,249,109,127,63,9,178,226,239,
//0,10,146,187,212,1,10,23,107,162,2,10,195,217,232,3,10,159,219,235,4,10,153,217,234,5,10,153,217,234,6,10,153,217,234,7,10,153,217,234,8,10,153,217,234,9,10,153,217,234,10,10,153,217,234,11,10,153,217,234,12,10,153,217,234,13,10,153,217,234,14,10,153,217,234,15,10,153,217,234,16,10,172,219,223,17,10,228,222,183,18,10,101,157,194,19,10,27,110,164,20,10,223,201,140,21,10,250,175,32,22,10,251,185,62,23,10,237,194,97,24,10,221,218,182,25,10,165,222,236,26,10,153,217,234,27,10,153,217,234,28,10,153,217,234,29,10,153,217,234,30,10,153,217,234,31,10,153,217,234,32,10,153,217,234,33,10,153,217,234,34,10,153,217,234,35,10,153,217,234,36,10,153,217,234,37,10,161,219,230,38,10,182,220,210,39,10,128,141,140,41,10,101,124,110,42,10,33,137,75,43,10,48,145,86,44,10,88,167,119,45,10,150,201,175,46,10,182,227,234,47,10,153,217,234,48,10,153,217,234,49,10,153,217,234,50,10,153,217,234,51,10,153,217,234,52,10,153,217,234,53,10,153,217,234,54,10,153,217,234,55,10,153,217,234,56,10,153,217,234,57,10,153,217,234,58,10,153,217,234
//,59,10,153,217,234,60,10,184,214,227,61,10,246,23,50,62,10,249,85,105,63,10,172,224,238,
//0,11,131,180,208,1,11,23,106,163,2,11,194,217,231,3,11,184,229,241,4,11,153,217,234,5,11,153,217,234,6,11,153,217,234,7,11,153,217,234,8,11,153,217,234,9,11,153,217,234,10,11,153,217,234,11,11,153,217,234,12,11,153,217,234,13,11,153,217,234,14,11,166,222,236,15,11,234,223,182,16,11,245,182,57,17,11,251,181,51,18,11,96,153,191,19,11,27,109,164,20,11,226,211,166,21,11,250,186,60,22,11,248,172,28,23,11,250,170,19,24,11,249,169,19,25,11,250,182,54,26,11,221,224,195,27,11,166,222,237,28,11,153,217,234,29,11,153,217,234,30,11,153,217,234,31,11,153,217,234,32,11,153,217,234,33,11,153,217,234,34,11,153,217,234,35,11,172,224,237,36,11,149,209,208,37,11,77,161,118,38,11,20,130,65,39,11,101,122,109,41,11,109,130,119,42,11,71,161,108,43,11,39,140,80,44,11,20,131,64,45,11,19,131,63,46,11,38,140,79,47,11,127,189,164,48,11,172,224,238,49,11,153,217,234,50,11,153,217,234,51,11,153,217,234,52,11,153,217,234,53,11,153,217,234,54,11,153,217,234,55,11,153,217,234,56,11,153,217,234,57,11,153,217,234,58,11,153,217,234,59,11,153,217,234,60,11,184,215,228,61,11,247,23,51,62,11,250,90,109,63,11,165,222,237,
//0,12,124,183,212,1,12,22,107,162,2,12,149,190,214,3,12,166,222,237,4,12,153,217,234,5,12,153,217,234,6,12,153,217,234,7,12,153,217,234,8,12,153,217,234,9,12,153,217,234,10,12,153,217,234,11,12,153,217,234,12,12,153,217,234,13,12,166,222,236,14,12,228,201,126,15,12,250,169,19,16,12,251,174,32,17,12,251,212,132,18,12,68,136,180,19,12,36,116,168,22,12,101,101,101,23,12,174,153,113,24,12,251,202,110,25,12,250,170,19,26,12,249,169,18,27,12,239,214,153,28,12,165,222,236,29,12,153,217,234,30,12,153,217,234,31,12,153,217,234,32,12,153,217,234,33,12,153,217,234,34,12,166,222,236,35,12,156,208,194,36,12,36,139,78,37,12,20,130,63,38,12,82,165,116,39,12,96,105,100,41,12,128,159,168,42,12,196,234,242,43,12,250,150,163,44,12,223,134,140,45,12,140,194,161,46,12,22,132,66,47,12,20,131,64,48,12,87,168,123,49,12,189,231,240,50,12,153,217,234,51,12,153,217,234,52,12,153,217,234,53,12,153,217,234,54,12,153,217,234,55,12,153,217,234,56,12,153,217,234,57,12,153,217,234,58,12,153,217,234,59,12,153,217,234,60,12,196,179,194,61,12,247,20,48,62,12,249,117,134,63,12,191,231,242,
//0,13,172,215,230,1,13,23,107,162,2,13,92,152,190,3,13,153,217,234,4,13,153,217,234,5,13,153,217,234,6,13,153,217,234,7,13,153,217,234,8,13,153,217,234,9,13,153,217,234,10,13,153,217,234,11,13,153,217,234,12,13,172,224,237,13,13,234,206,140,14,13,250,170,19,15,13,251,181,50,16,13,246,232,194,18,13,32,113,166,19,13,81,144,184,21,13,178,226,239,22,13,29,32,34,23,13,13,13,13,24,13,187,223,233,25,13,203,218,196,26,13,249,173,27,27,13,249,169,19,28,13,246,224,171,29,13,166,222,237,30,13,153,217,234,31,13,153,217,234,32,13,153,217,234,33,13,159,219,235,34,13,139,200,184,35,13,29,135,71,36,13,34,138,74,37,13,154,203,176,39,13,61,61,62,40,13,5,5,5,41,13,172,208,218,42,13,153,217,234,43,13,237,114,133,44,13,247,19,48,45,13,234,171,184,46,13,191,227,222,47,13,73,160,108,48,13,20,132,64,49,13,77,160,111,50,13,165,222,237,51,13,153,217,234,52,13,153,217,234,53,13,153,217,234,54,13,153,217,234,55,13,153,217,234,56,13,153,217,234,57,13,153,217,234,58,13,153,217,234,59,13,153,217,234,60,13,219,123,143,61,13,247,19,48,62,13,251,158,169,
//0,14,166,222,237,1,14,65,134,179,2,14,23,109,161,3,14,171,216,230,4,14,153,217,234,5,14,153,217,234,6,14,153,217,234,7,14,153,217,234,8,14,153,217,234,9,14,153,217,234,10,14,153,217,234,11,14,153,217,234,12,14,209,208,161,13,14,250,174,31,14,14,250,185,57,16,14,191,231,241,17,14,116,170,202,18,14,22,106,161,19,14,123,180,207,20,14,159,219,235,21,14,153,217,234,22,14,72,96,102,24,14,109,137,145,25,14,153,217,234,27,14,250,175,36,28,14,250,170,18,29,14,202,219,196,30,14,153,217,234,31,14,153,217,234,32,14,153,217,234,33,14,171,220,222,34,14,44,144,85,35,14,32,137,74,36,14,181,216,198,38,14,143,175,184,39,14,11,11,11,40,14,66,74,76,41,14,166,222,237,42,14,153,217,234,44,14,247,19,47,45,14,248,77,99,46,14,191,231,241,48,14,75,160,109,49,14,19,130,63,50,14,163,207,184,51,14,153,217,234,52,14,153,217,234,53,14,153,217,234,54,14,153,217,234,55,14,153,217,234,56,14,153,217,234,57,14,153,217,234,58,14,153,217,234,59,14,191,217,229,60,14,241,66,90,61,14,247,30,58,63,14,159,219,235,
//0,15,153,217,234,1,15,137,191,217,2,15,22,106,162,3,15,73,141,182,4,15,172,224,237,5,15,153,217,234,6,15,153,217,234,7,15,153,217,234,8,15,153,217,234,9,15,153,217,234,10,15,153,217,234,11,15,172,223,236,12,15,250,186,65,13,15,249,172,27,15,15,178,226,239,16,15,181,220,234,17,15,36,114,166,18,15,46,123,171,19,15,192,228,238,20,15,172,224,238,21,15,153,217,234,22,15,176,212,221,23,15,16,16,16,24,15,20,24,25,25,15,157,205,218,26,15,153,217,234,27,15,209,217,188,28,15,250,171,20,29,15,251,191,77,30,15,172,224,237,31,15,153,217,234,32,15,153,217,234,33,15,107,180,147,34,15,19,131,62,35,15,116,183,150,36,15,159,219,235,37,15,144,204,220,38,15,58,58,58,39,15,1,1,1,40,15,127,163,172,41,15,159,219,235,42,15,153,217,234,43,15,159,219,235,44,15,242,74,96,45,15,247,19,49,46,15,227,172,183,47,15,153,217,234,48,15,175,222,228,49,15,40,141,80,50,15,32,137,73,51,15,159,215,220,52,15,153,217,234,53,15,153,217,234,54,15,153,217,234,55,15,153,217,234,56,15,153,217,234,57,15,153,217,234,58,15,159,219,235,59,15,239,138,154,60,15,246,20,48,61,15,249,116,134,63,15,153,217,234,
//0,16,153,217,234,1,16,164,220,236,2,16,81,144,185,3,16,22,107,162,4,16,101,159,197,5,16,184,229,240,6,16,153,217,234,7,16,153,217,234,8,16,153,217,234,9,16,153,217,234,10,16,153,217,234,11,16,215,216,178,12,16,250,169,19,13,16,251,200,102,15,16,158,217,234,16,16,62,133,179,17,16,35,114,167,18,16,165,201,221,19,16,178,226,239,20,16,159,219,235,21,16,153,217,234,22,16,153,217,234,23,16,115,127,131,25,16,46,54,57,26,16,156,216,232,27,16,178,226,239,28,16,244,182,60,29,16,249,170,19,31,16,153,217,234,32,16,186,229,237,33,16,44,143,84,34,16,43,143,84,35,16,184,226,231,36,16,150,206,221,37,16,60,76,81,39,16,84,96,99,40,16,161,217,232,41,16,153,217,234,42,16,153,217,234,43,16,153,217,234,44,16,209,196,208,45,16,245,22,50,46,16,247,37,64,48,16,153,217,234,49,16,138,196,169,50,16,19,131,64,51,16,134,195,169,52,16,153,217,234,53,16,153,217,234,54,16,153,217,234,55,16,153,217,234,56,16,153,217,234,57,16,172,224,238,58,16,239,181,192,59,16,246,25,52,60,16,247,36,63,62,16,159,219,235,63,16,153,217,234,
//0,17,153,217,234,1,17,153,217,234,2,17,170,217,235,3,17,52,125,173,4,17,23,108,162,5,17,97,157,194,6,17,183,224,237,7,17,159,219,235,8,17,153,217,234,9,17,153,217,234,10,17,153,217,234,11,17,226,194,108,12,17,249,169,18,13,17,253,229,183,14,17,188,215,230,15,17,45,121,172,16,17,30,113,166,17,17,138,182,208,19,17,153,217,234,20,17,153,217,234,21,17,153,217,234,22,17,153,217,234,23,17,165,221,236,24,17,84,92,94,26,17,34,38,39,27,17,149,193,205,28,17,215,209,158,29,17,249,170,18,30,17,220,203,134,31,17,153,217,234,32,17,151,206,193,33,17,19,130,64,34,17,127,187,150,35,17,195,212,216,36,17,65,73,75,38,17,44,48,49,39,17,165,209,220,40,17,153,217,234,41,17,153,217,234,42,17,153,217,234,43,17,153,217,234,44,17,153,217,234,45,17,233,170,182,46,17,247,20,49,47,17,247,31,58,48,17,226,155,169,49,17,184,226,230,50,17,20,131,66,51,17,65,156,105,52,17,153,217,234,53,17,153,217,234,54,17,153,217,234,55,17,153,217,234,56,17,191,228,239,57,17,236,131,147,58,17,248,27,54,59,17,247,34,61,60,17,251,187,194,62,17,153,217,234,63,17,153,217,234,
//0,18,153,217,234,1,18,153,217,234,2,18,153,217,234,3,18,163,213,230,4,18,69,138,180,5,18,23,107,162,6,18,27,109,162,7,18,94,161,197,8,18,141,199,222,9,18,154,212,229,10,18,174,224,237,11,18,252,191,81,12,18,250,173,26,13,18,138,177,193,14,18,25,109,163,15,18,26,110,163,16,18,132,179,207,17,18,185,229,239,18,18,159,219,235,19,18,153,217,234,20,18,153,217,234,21,18,153,217,234,22,18,153,217,234,23,18,153,217,234,24,18,188,228,239,25,18,83,99,104,28,18,78,86,88,29,18,170,148,105,30,18,206,198,162,31,18,166,218,232,32,18,116,187,159,33,18,19,131,62,34,18,109,147,125,35,18,21,20,20,37,18,58,62,63,38,18,166,210,222,39,18,153,217,234,40,18,153,217,234,41,18,153,217,234,42,18,153,217,234,43,18,153,217,234,44,18,153,217,234,45,18,172,224,238,46,18,245,180,189,47,18,247,20,47,48,18,247,19,48,49,18,247,65,87,50,18,221,146,149,51,18,171,178,159,52,18,187,224,233,53,18,168,207,223,55,18,217,135,153,56,18,247,61,85,57,18,248,19,47,58,18,247,48,74,59,18,244,182,190,61,18,153,217,234,62,18,153,217,234,63,18,153,217,234,
//0,19,153,217,234,1,19,153,217,234,2,19,153,217,234,3,19,153,217,234,4,19,197,233,242,5,19,125,173,204,6,19,33,114,167,7,19,22,106,161,8,19,22,106,161,9,19,22,106,162,10,19,88,149,189,11,19,251,183,55,12,19,250,177,39,13,19,107,160,196,14,19,80,144,185,15,19,171,207,225,17,19,172,224,238,18,19,153,217,234,19,19,153,217,234,20,19,153,217,234,21,19,153,217,234,22,19,153,217,234,23,19,153,217,234,24,19,153,217,234,25,19,153,217,234,26,19,142,170,178,27,19,52,52,52,30,19,1,1,1,31,19,17,17,17,32,19,83,159,124,33,19,19,131,62,34,19,99,127,110,35,19,43,47,48,36,19,105,129,136,37,19,164,220,235,38,19,153,217,234,39,19,153,217,234,40,19,153,217,234,41,19,153,217,234,42,19,153,217,234,43,19,153,217,234,44,19,153,217,234,45,19,153,217,234,46,19,153,217,234,48,19,243,103,120,49,19,247,20,48,50,19,247,19,48,51,19,247,19,48,52,19,247,19,48,53,19,246,20,48,54,19,246,20,48,55,19,247,19,48,56,19,247,35,62,57,19,236,105,124,60,19,153,217,234,61,19,153,217,234,62,19,153,217,234,63,19,153,217,234,
//0,20,153,217,234,1,20,153,217,234,2,20,153,217,234,3,20,153,217,234,4,20,153,217,234,5,20,153,217,234,6,20,178,226,239,7,20,158,199,219,8,20,100,163,198,9,20,74,143,184,10,20,111,165,196,11,20,251,182,57,12,20,249,176,35,15,20,191,231,242,16,20,153,217,234,17,20,153,217,234,18,20,153,217,234,19,20,153,217,234,20,20,153,217,234,21,20,153,217,234,22,20,153,217,234,23,20,153,217,234,24,20,153,217,234,25,20,153,217,234,26,20,153,217,234,27,20,166,222,236,28,20,137,165,168,29,20,124,124,117,30,20,82,83,82,31,20,66,66,66,32,20,96,166,130,33,20,19,131,63,34,20,130,193,187,35,20,150,206,221,36,20,153,217,234,37,20,153,217,234,38,20,153,217,234,39,20,153,217,234,40,20,153,217,234,41,20,153,217,234,42,20,153,217,234,43,20,153,217,234,44,20,153,217,234,45,20,153,217,234,46,20,153,217,234,47,20,153,217,234,48,20,166,222,237,50,20,228,144,149,51,20,249,106,123,52,20,244,79,100,53,20,247,81,103,54,20,250,110,126,55,20,233,159,170,57,20,178,226,239,58,20,159,219,235,59,20,153,217,234,60,20,153,217,234,61,20,153,217,234,62,20,153,217,234,63,20,153,217,234,
//0,21,153,217,234,1,21,153,217,234,2,21,153,217,234,3,21,153,217,234,4,21,153,217,234,5,21,153,217,234,6,21,153,217,234,7,21,153,217,234,8,21,153,217,234,9,21,153,217,234,10,21,166,222,237,11,21,251,192,84,12,21,250,174,31,14,21,153,217,234,15,21,153,217,234,16,21,153,217,234,17,21,153,217,234,18,21,153,217,234,19,21,153,217,234,20,21,153,217,234,21,21,153,217,234,22,21,153,217,234,23,21,153,217,234,24,21,153,217,234,25,21,153,217,234,26,21,153,217,234,27,21,153,217,234,28,21,190,216,200,29,21,252,170,19,30,21,238,199,115,32,21,119,188,163,33,21,19,131,62,34,21,144,200,180,35,21,153,217,234,36,21,153,217,234,37,21,153,217,234,38,21,153,217,234,39,21,153,217,234,40,21,153,217,234,41,21,153,217,234,42,21,153,217,234,43,21,153,217,234,44,21,153,217,234,45,21,153,217,234,46,21,153,217,234,47,21,153,217,234,48,21,153,217,234,49,21,196,233,242,50,21,42,142,83,51,21,57,151,96,54,21,197,234,243,55,21,185,229,240,56,21,153,217,234,57,21,153,217,234,58,21,153,217,234,59,21,153,217,234,60,21,153,217,234,61,21,153,217,234,62,21,153,217,234,63,21,153,217,234,
//0,22,153,217,234,1,22,153,217,234,2,22,153,217,234,3,22,153,217,234,4,22,153,217,234,5,22,153,217,234,6,22,153,217,234,7,22,153,217,234,8,22,153,217,234,9,22,153,217,234,10,22,159,219,235,11,22,226,203,134,12,22,249,169,18,13,22,234,218,169,14,22,153,217,234,15,22,153,217,234,16,22,153,217,234,17,22,153,217,234,18,22,153,217,234,19,22,153,217,234,20,22,153,217,234,21,22,153,217,234,22,22,153,217,234,23,22,153,217,234,24,22,153,217,234,25,22,153,217,234,26,22,153,217,234,27,22,159,219,235,28,22,234,209,142,29,22,249,169,19,30,22,221,210,157,31,22,153,217,234,32,22,163,214,211,33,22,19,131,62,34,22,98,173,128,35,22,172,224,238,36,22,153,217,234,37,22,153,217,234,38,22,153,217,234,39,22,153,217,234,40,22,153,217,234,41,22,153,217,234,42,22,153,217,234,43,22,153,217,234,44,22,153,217,234,45,22,153,217,234,46,22,153,217,234,47,22,153,217,234,48,22,153,217,234,49,22,157,213,212,50,22,20,130,63,51,22,89,169,124,52,22,159,219,235,53,22,153,217,234,54,22,153,217,234,55,22,153,217,234,56,22,153,217,234,57,22,153,217,234,58,22,153,217,234,59,22,153,217,234,60,22,153,217,234,61,22,153,217,234,62,22,153,217,234,63,22,153,217,234,
//0,23,153,217,234,1,23,153,217,234,2,23,153,217,234,3,23,153,217,234,4,23,153,217,234,5,23,153,217,234,6,23,153,217,234,7,23,153,217,234,8,23,153,217,234,9,23,153,217,234,10,23,153,217,234,12,23,249,169,18,13,23,250,185,62,14,23,172,224,237,15,23,153,217,234,16,23,153,217,234,17,23,153,217,234,18,23,153,217,234,19,23,153,217,234,20,23,153,217,234,21,23,153,217,234,22,23,153,217,234,23,23,153,217,234,24,23,153,217,234,25,23,153,217,234,26,23,153,217,234,27,23,178,225,236,28,23,250,182,50,29,23,250,173,29,30,23,184,218,210,31,23,153,217,234,32,23,188,229,236,33,23,45,144,84,34,23,23,133,66,35,23,178,224,227,36,23,153,217,234,37,23,153,217,234,38,23,153,217,234,39,23,153,217,234,40,23,153,217,234,41,23,153,217,234,42,23,153,217,234,43,23,153,217,234,44,23,153,217,234,45,23,153,217,234,46,23,153,217,234,47,23,153,217,234,48,23,178,226,239,49,23,126,188,154,50,23,20,130,63,51,23,157,206,183,52,23,153,217,234,53,23,153,217,234,54,23,153,217,234,55,23,153,217,234,56,23,153,217,234,57,23,153,217,234,58,23,153,217,234
//,59,23,153,217,234,60,23,153,217,234,61,23,153,217,234,62,23,153,217,234,63,23,153,217,234,
//0,24,153,217,234,1,24,153,217,234,2,24,153,217,234,3,24,153,217,234,4,24,153,217,234,5,24,153,217,234,6,24,153,217,234,7,24,153,217,234,8,24,153,217,234,9,24,153,217,234,10,24,153,217,234,11,24,159,219,235,12,24,238,193,94,13,24,249,169,18,14,24,238,219,163,15,24,159,219,235,16,24,153,217,234,17,24,153,217,234,18,24,153,217,234,19,24,153,217,234,20,24,153,217,234,21,24,153,217,234,22,24,153,217,234,23,24,153,217,234,24,24,153,217,234,25,24,153,217,234,26,24,172,224,238,27,24,239,210,141,28,24,250,170,20,29,24,240,199,109,30,24,166,222,236,31,24,153,217,234,32,24,159,219,235,33,24,158,205,181,34,24,19,130,64,35,24,92,171,128,36,24,184,229,240,37,24,153,217,234,38,24,153,217,234,39,24,153,217,234,40,24,153,217,234,41,24,153,217,234,42,24,153,217,234,43,24,153,217,234,44,24,153,217,234,45,24,153,217,234,46,24,153,217,234,47,24,153,217,234,48,24,153,208,196,49,24,29,136,73,50,24,54,150,95,51,24,193,231,235,52,24,172,224,238,53,24,153,217,234,54,24,153,217,234,55,24,153,217,234,56,24,153,217,234,57,24,153,217,234
//,58,24,153,217,234,59,24,153,217,234,60,24,153,217,234,61,24,153,217,234,62,24,153,217,234,63,24,153,217,234,
//0,25,153,217,234,1,25,153,217,234,2,25,153,217,234,3,25,153,217,234,4,25,153,217,234,5,25,153,217,234,6,25,153,217,234,7,25,153,217,234,8,25,153,217,234,9,25,153,217,234,10,25,153,217,234,11,25,153,217,234,12,25,197,226,224,13,25,250,172,26,14,25,249,170,19,15,25,209,218,187,16,25,166,222,236,17,25,153,217,234,18,25,153,217,234,19,25,153,217,234,20,25,153,217,234,21,25,153,217,234,22,25,153,217,234,23,25,153,217,234,24,25,153,217,234,25,25,178,226,239,26,25,233,212,153,27,25,249,172,26,28,25,251,182,54,30,25,153,217,234,31,25,153,217,234,32,25,153,217,234,33,25,165,221,232,34,25,73,160,107,35,25,19,131,63,36,25,147,200,173,37,25,178,226,239,38,25,153,217,234,39,25,153,217,234,40,25,153,217,234,41,25,153,217,234,42,25,153,217,234,43,25,153,217,234,44,25,153,217,234,45,25,153,217,234,46,25,166,222,237,47,25,155,211,208,48,25,53,148,91,49,25,23,133,66,50,25,144,202,184,51,25,172,224,238,52,25,159,219,235,53,25,153,217,234,54,25,153,217,234,55,25,153,217,234,56,25,153,217,234,57,25,153,217,234,58,25,153,217,234,59,25,153,217,234,60,25,153,217,234,61,25,153,217,234,62,25,153,217,234,63,25,153,217,234,
//0,26,153,217,234,1,26,153,217,234,2,26,153,217,234,3,26,153,217,234,4,26,153,217,234,5,26,153,217,234,6,26,153,217,234,7,26,153,217,234,8,26,153,217,234,9,26,153,217,234,10,26,153,217,234,11,26,153,217,234,12,26,153,217,234,13,26,234,228,191,14,26,249,169,19,15,26,250,170,21,16,26,246,216,151,17,26,166,222,235,18,26,153,217,234,19,26,153,217,234,20,26,153,217,234,21,26,153,217,234,22,26,153,217,234,23,26,159,219,235,24,26,172,219,224,25,26,226,203,131,26,26,250,174,33,27,26,249,175,35,28,26,253,232,191,29,26,190,231,242,30,26,153,217,234,31,26,153,217,234,32,26,153,217,234,33,26,153,217,234,34,26,181,225,229,35,26,42,142,81,36,26,19,131,63,37,26,108,178,138,38,26,172,222,231,39,26,153,217,234,40,26,153,217,234,41,26,153,217,234,42,26,153,217,234,43,26,153,217,234,44,26,153,217,234,45,26,162,220,234,46,26,145,201,186,47,26,47,146,85,48,26,19,131,63,49,26,107,179,143,50,26,178,226,239,51,26,172,224,238,52,26,153,217,234,53,26,153,217,234,54,26,153,217,234,55,26,153,217,234,56,26,153,217,234,57,26,153,217,234,58,26,153,217,234,59,26,159,215,231,60,26,153,217,234,61,26,153,217,234,62,26,153,217,234,63,26,153,217,234,
//0,27,153,217,234,1,27,153,217,234,2,27,153,217,234,3,27,153,217,234,4,27,153,217,234,5,27,153,217,234,6,27,153,217,234,7,27,153,217,234,8,27,153,217,234,9,27,153,217,234,10,27,153,217,234,11,27,153,217,234,12,27,153,217,234,13,27,172,224,238,14,27,221,218,180,15,27,250,177,38,16,27,250,170,19,17,27,249,185,62,18,27,232,209,141,19,27,215,224,200,20,27,185,220,212,21,27,185,219,211,22,27,221,222,190,23,27,234,208,139,24,27,248,179,48,25,27,249,170,18,26,27,251,182,50,27,27,240,229,194,28,27,185,229,241,29,27,159,219,235,30,27,153,217,234,31,27,153,217,234,32,27,153,217,234,33,27,153,217,234,34,27,153,217,234,35,27,180,224,228,36,27,52,149,95,37,27,19,131,63,38,27,25,134,70,39,27,110,180,144,40,27,162,210,198,41,27,157,215,219,42,27,153,214,220,43,27,150,207,204,44,27,143,202,183,45,27,73,158,106,46,27,31,137,73,47,27,30,136,71,48,27,108,183,156,49,27,167,222,234,50,27,172,224,238,51,27,153,217,234,52,27,153,217,234,53,27,153,217,234,54,27,153,217,234,55,27,153,217,234,56,27,153,217,234,57,27,153,217,234,58,27,
//153,217,234,59,27,164,201,216,60,27,153,217,234,61,27,153,217,234,62,27,153,217,234,63,27,153,217,234,
//0,28,153,217,234,1,28,153,217,234,2,28,153,217,234,3,28,153,217,234,4,28,153,217,234,5,28,153,217,234,6,28,153,217,234,7,28,153,217,234,8,28,153,217,234,9,28,153,217,234,10,28,153,217,234,11,28,153,217,234,12,28,153,217,234,13,28,153,217,234,14,28,153,217,234,16,28,238,197,107,17,28,249,170,17,18,28,250,170,19,19,28,249,169,18,20,28,250,170,20,21,28,251,171,20,22,28,249,169,18,23,28,249,169,18,24,28,250,173,32,25,28,252,204,115,26,28,196,223,213,27,28,172,224,237,28,28,153,217,234,29,28,153,217,234,30,28,153,217,234,31,28,153,217,234,32,28,153,217,234,33,28,153,217,234,34,28,153,217,234,35,28,153,217,234,36,28,185,229,237,37,28,129,192,160,38,28,30,136,74,39,28,20,132,64,40,28,19,131,63,41,28,21,131,65,42,28,25,135,70,43,28,19,131,64,44,28,19,131,62,45,28,32,138,73,46,28,77,161,113,47,28,194,226,214,48,28,197,233,243,49,28,172,224,238,50,28,153,217,234,51,28,153,217,234,52,28,153,217,234,53,28,153,217,234,54,28,153,217,234,55,28,153,217,234,56,28,153,217,234,57,28,153,217,234,58,28,153,217,234,59,28,153,217,
//234,60,28,153,217,234,61,28,153,217,234,62,28,153,217,234,63,28,153,217,234,
//0,29,153,217,234,1,29,153,217,234,2,29,153,217,234,3,29,153,217,234,4,29,153,217,234,5,29,153,217,234,6,29,153,217,234,7,29,153,217,234,8,29,153,217,234,9,29,153,217,234,10,29,153,217,234,11,29,153,217,234,12,29,153,217,234,13,29,153,217,234,14,29,153,217,234,15,29,153,217,234,16,29,172,224,238,17,29,197,223,214,18,29,239,213,153,19,29,231,194,105,20,29,245,191,83,21,29,245,194,86,22,29,225,194,111,23,29,226,209,146,26,29,166,222,236,27,29,153,217,234,28,29,153,217,234,29,29,153,217,234,30,29,153,217,234,31,29,153,217,234,32,29,153,217,234,33,29,153,217,234,34,29,153,217,234,35,29,153,217,234,36,29,153,217,234,37,29,159,219,235,38,29,184,227,235,39,29,147,202,183,40,29,97,174,143,41,29,67,161,119,42,29,62,159,114,43,29,83,168,131,44,29,111,182,154,45,29,185,226,219,46,29,194,232,240,47,29,172,224,238,48,29,178,226,239,49,29,153,217,234,50,29,153,217,234,51,29,153,217,234,52,29,153,217,234,53,29,153,217,234,54,29,153,217,234,55,29,153,217,234,56,29,153,217,234,57,29,153,217,234,58,29,153,217,234,59,29,153,217
//,234,60,29,153,217,234,61,29,153,217,234,62,29,153,217,234,63,29,153,217,234,
//0,30,153,217,234,1,30,153,217,234,2,30,153,217,234,3,30,153,217,234,4,30,153,217,234,5,30,153,217,234,6,30,153,217,234,7,30,153,217,234,8,30,153,217,234,9,30,153,217,234,10,30,153,217,234,11,30,153,217,234,12,30,153,217,234,13,30,153,217,234,14,30,153,217,234,15,30,153,217,234,16,30,153,217,234,17,30,153,217,234,18,30,153,217,234,19,30,153,217,234,20,30,153,217,234,21,30,153,217,234,22,30,153,217,234,23,30,153,217,234,24,30,172,224,238,25,30,159,219,235,26,30,153,217,234,27,30,153,217,234,28,30,153,217,234,29,30,153,217,234,30,30,153,217,234,31,30,153,217,234,32,30,153,217,234,33,30,153,217,234,34,30,153,217,234,35,30,153,217,234,36,30,153,217,234,37,30,153,217,234,38,30,153,217,234,39,30,153,217,234,40,30,153,217,234,41,30,153,217,234,42,30,153,217,234,43,30,153,217,234,44,30,153,217,234,45,30,153,217,234,46,30,153,217,234,47,30,159,219,235,48,30,153,217,234,49,30,153,217,234,50,30,153,217,234,51,30,153,217,234,52,30,153,217,234,53,30,153,217,234,54,30,153,217,234,55,30,153,217,234,56,30,153,217,234,57,30,153,217,234,58,30,153,217,234,59,30,153,217,234,60,30,153,217,234,61,30,153,217,234,62,30,153,217,234,63,30,153,217,234
//};