
const boolean heart[] = {    // Heart bitmap

  0, 0, 1, 0, 0, 0, 1, 0, 0,
  0, 1, 1, 1, 0, 1, 1, 1, 0,
  1, 1, 1, 1, 1, 1, 1, 1, 1,
  1, 1, 1, 1, 1, 1, 1, 1, 1,
  0, 1, 1, 1, 1, 1, 1, 1, 0,
  0, 0, 1, 1, 1, 1, 1, 0, 0,
  0, 0, 0, 1, 1, 1, 0, 0, 0,
  0, 0, 0, 0, 1, 0, 0, 0, 0
};


const boolean stPatrick[] = {       // Heart bitmap
  0, 0, 0, 0, 0, 1, 1, 0, 0,
  0, 1, 1, 0, 1, 1, 1, 1, 0,
  1, 1, 1, 0, 1, 1, 1, 1, 0,
  1, 1, 1, 1, 1, 1, 1, 0, 0,
  0, 1, 0, 1, 1, 0, 0, 0, 0,
  0, 0, 0, 1, 1, 1, 1, 1, 0,
  0, 0, 1, 1, 0, 1, 1, 1, 0,
  0, 1, 1, 0, 0, 1, 1, 1, 0
};

const boolean star[] = {       // Heart bitmap
  0, 0, 0, 0, 1, 0, 0, 0, 0,
  0, 0, 0, 1, 1, 1, 0, 0, 0,
  1, 1, 1, 1, 1, 1, 1, 1, 1,
  0, 0, 1, 1, 1, 1, 1, 0, 0,
  0, 0, 0, 0, 1, 0, 0, 0, 0,
  0, 0, 0, 1, 1, 1, 0, 0, 0,
  0, 1, 1, 0, 0, 0, 1, 1, 0,
  1, 0, 0, 0, 0, 0, 0, 0, 1
};

=================================================

const byte skeleton[] PROGMEM = {
0,0,0,0,0,0,0,0,0,0,0,1,0,1,255,255,255,254,254,253,1,2,1,0,0,0,0,0,0,0,0,0,
0,0,0,0,0,0,0,0,3,2,206,203,126,53,53,53,53,53,53,53,51,255,205,204,2,0,0,0,0,0,0,0,
0,0,0,0,0,0,0,1,14,252,239,2,0,0,0,0,0,0,0,0,0,1,34,240,237,3,0,0,0,0,0,0,
0,0,0,0,0,0,0,4,252,9,0,0,0,0,0,0,0,0,0,0,0,0,1,0,24,247,1,0,0,0,0,0,
0,0,0,0,0,0,1,255,51,0,0,0,0,0,0,0,0,0,0,0,0,0,0,0,0,237,251,0,0,0,0,0,
0,0,0,0,0,1,221,250,2,0,0,0,0,0,0,0,0,0,0,0,0,0,0,0,0,2,253,37,0,0,0,0,
0,0,0,0,0,0,223,35,0,0,0,0,0,0,0,0,0,0,0,0,0,0,0,0,1,1,38,36,4,0,0,0,
0,0,0,0,0,6,254,3,255,0,0,0,0,0,0,0,0,0,0,0,0,0,0,0,19,254,6,254,1,0,0,0,
0,0,0,0,0,5,255,3,255,0,0,0,0,0,0,0,0,0,0,0,0,0,0,0,19,254,4,254,1,0,0,0,
0,0,0,0,0,5,255,3,255,0,0,0,0,0,0,0,0,0,0,0,0,0,0,0,19,255,4,254,1,0,0,0,
0,0,0,0,0,5,254,5,252,0,0,0,0,0,0,0,0,0,0,0,0,0,0,0,18,253,4,254,1,0,0,0,
0,0,0,0,0,0,228,1,205,0,1,2,0,0,2,1,0,0,1,0,0,0,0,0,19,19,5,79,2,0,0,0,
0,0,0,0,0,1,205,249,209,2,19,252,255,254,252,24,0,1,73,254,254,255,223,1,20,39,251,34,0,0,0,0,
0,0,0,0,0,0,1,254,255,3,255,255,255,255,254,254,0,3,255,255,255,255,255,254,19,253,247,0,0,0,0,0,
0,0,0,0,0,0,0,3,254,3,255,255,255,254,254,172,0,2,194,254,254,255,255,253,19,254,0,0,0,0,0,0,
0,30,255,255,18,0,0,4,255,1,194,255,255,255,127,0,0,0,1,250,255,255,255,6,20,254,0,0,0,221,252,254,
0,30,255,5,240,224,2,4,255,1,28,253,254,253,0,3,144,228,1,2,254,255,222,5,19,255,0,0,227,59,2,254,
0,30,254,0,223,251,18,6,249,0,0,1,0,1,2,253,160,251,198,0,0,1,1,0,18,240,3,17,254,32,2,254,
247,246,13,0,0,11,253,246,205,247,1,1,0,0,126,254,159,251,252,2,0,0,0,1,247,21,247,254,8,0,2,211,
253,1,0,0,1,0,2,143,231,253,149,116,44,1,130,254,159,251,252,4,1,117,114,251,252,148,140,1,3,0,0,0,
253,248,249,249,253,248,4,0,3,3,254,4,249,3,2,252,4,7,199,1,43,251,37,252,3,1,2,3,252,251,249,249,
2,0,0,0,37,34,227,221,47,1,196,3,242,222,2,0,2,0,0,3,227,220,34,6,2,206,220,64,34,7,0,0,
0,0,0,0,0,1,3,3,231,252,202,3,92,252,243,231,245,254,235,229,212,253,35,29,252,231,0,1,0,0,0,0,
0,0,0,0,0,0,0,0,1,1,196,3,254,254,252,253,253,254,254,251,254,254,35,5,1,0,0,0,0,0,0,0,
0,0,0,0,0,0,0,0,2,113,222,3,123,254,131,2,160,251,57,5,228,142,36,117,109,2,0,0,0,0,0,0,
0,0,0,0,0,0,1,5,253,254,255,253,1,253,253,2,160,250,58,253,211,1,253,254,255,252,0,2,0,0,0,0,
0,0,216,220,220,219,250,251,36,1,0,252,80,1,21,36,35,38,37,3,2,221,220,1,3,36,251,223,220,220,220,46,
0,0,249,18,1,1,1,1,1,17,200,236,251,19,0,0,0,0,0,3,57,254,236,22,19,2,1,1,1,1,19,49,
0,0,5,253,20,1,0,6,249,251,6,2,165,252,251,251,251,251,251,250,250,6,1,5,251,249,2,0,1,219,252,3,
0,0,0,11,245,0,106,248,29,0,1,0,0,1,141,140,140,140,140,141,0,0,0,0,0,134,250,18,2,151,2,0,
0,0,0,0,237,0,223,2,0,0,0,0,0,1,0,0,0,0,0,0,0,0,0,0,0,0,7,40,4,33,0,0,
0,0,0,0,237,226,58,3,0,0,0,0,0,0,0,0,0,0,0,0,0,0,0,0,0,0,2,222,225,34,0,0

===========================================

// St Patrick
const byte picture_scroll[] = {
8,0,194,224,206,9,0,164,212,184,10,0,196,224,208,17,0,228,238,232,18,0,118,192,150,19,0,38,158,88,20,0,10,148,68,21,0,12,148,70,22,0,64,170,108,23,0,164,212,184,
6,1,214,232,222,7,1,54,166,100,8,1,10,148,68,9,1,10,148,68,10,1,10,148,68,11,1,50,164,98,12,1,204,228,214,16,1,222,236,228,17,1,40,160,90,18,1,10,148,68,19,1,10,148,68,20,1,10,148,68,21,1,10,148,68,22,1,10,148,68,23,1,10,148,68,24,1,128,196,156,
6,2,52,164,100,7,2,10,148,68,8,2,10,148,68,9,2,10,148,68,10,2,10,148,68,11,2,10,148,68,12,2,30,156,84,13,2,220,234,226,16,2,86,178,124,17,2,10,148,68,18,2,10,148,68,19,2,10,148,68,20,2,10,148,68,21,2,10,148,68,22,2,10,148,68,23,2,10,148,68,24,2,12,148,70,25,2,194,224,206,
5,3,144,202,168,6,3,10,148,68,7,3,10,148,68,8,3,10,148,68,9,3,10,148,68,10,3,10,148,68,11,3,10,148,68,12,3,10,148,68,13,3,84,178,122,15,3,226,236,230,16,3,12,148,68,17,3,10,148,68,18,3,10,148,68,19,3,10,148,68,20,3,10,148,68,21,3,10,148,68,22,3,10,148,68,23,3,10,148,68,24,3,10,148,68,25,3,34,156,86,26,3,190,222,202,
4,4,184,220,198,5,4,18,150,74,6,4,10,148,68,7,4,10,148,68,8,4,10,148,68,9,4,10,148,68,10,4,10,148,68,11,4,10,148,68,12,4,10,148,68,13,4,10,148,68,14,4,202,228,212,15,4,180,218,196,16,4,10,148,68,17,4,10,148,68,18,4,10,148,68,19,4,10,148,68,20,4,10,148,68,21,4,10,148,68,22,4,10,148,68,23,4,10,148,68,24,4,10,148,68,25,4,10,148,68,26,4,10,148,68,27,4,80,176,122,28,4,216,234,224,
3,5,122,194,152,4,5,12,148,68,5,5,10,148,68,6,5,10,148,68,7,5,10,148,68,8,5,10,148,68,9,5,10,148,68,10,5,10,148,68,11,5,10,148,68,12,5,10,148,68,13,5,10,148,68,14,5,124,194,154,15,5,168,214,188,16,5,10,148,68,17,5,10,148,68,18,5,10,148,68,19,5,10,148,68,20,5,10,148,68,21,5,10,148,68,22,5,10,148,68,23,5,10,148,68,24,5,10,148,68,25,5,10,148,68,26,5,10,148,68,27,5,10,148,68,28,5,36,158,88,29,5,230,238,234,
2,6,106,186,140,3,6,10,148,68,4,6,10,148,68,5,6,10,148,68,6,6,10,148,68,7,6,10,148,68,8,6,10,148,68,9,6,10,148,68,10,6,10,148,68,11,6,10,148,68,12,6,10,148,68,13,6,10,148,68,14,6,66,170,110,15,6,168,214,186,16,6,10,148,68,17,6,10,148,68,18,6,10,148,68,19,6,10,148,68,20,6,10,148,68,21,6,10,148,68,22,6,10,148,68,23,6,10,148,68,24,6,10,148,68,25,6,10,148,68,26,6,10,148,68,27,6,10,148,68,28,6,10,148,68,29,6,134,198,160,
1,7,204,228,214,2,7,10,148,68,3,7,10,148,68,4,7,10,148,68,5,7,10,148,68,6,7,10,148,68,7,7,10,148,68,8,7,10,148,68,9,7,10,148,68,10,7,10,148,68,11,7,10,148,68,12,7,10,148,68,13,7,10,148,68,14,7,22,152,78,15,7,168,214,188,16,7,10,148,68,17,7,10,148,68,18,7,10,148,68,19,7,10,148,68,20,7,10,148,68,21,7,10,148,68,22,7,10,148,68,23,7,10,148,68,24,7,10,148,68,25,7,10,148,68,26,7,10,148,68,27,7,10,148,68,28,7,10,148,68,29,7,88,180,126,
1,8,138,200,164,2,8,10,148,68,3,8,10,148,68,4,8,10,148,68,5,8,10,148,68,6,8,10,148,68,7,8,10,148,68,8,8,10,148,68,9,8,10,148,68,10,8,10,148,68,11,8,10,148,68,12,8,10,148,68,13,8,10,148,68,14,8,10,148,68,15,8,156,208,178,16,8,10,148,68,17,8,10,148,68,18,8,10,148,68,19,8,10,148,68,20,8,10,148,68,21,8,10,148,68,22,8,10,148,68,23,8,10,148,68,24,8,10,148,68,25,8,10,148,68,26,8,10,148,68,27,8,10,148,68,28,8,10,148,68,29,8,96,182,132,
1,9,118,192,148,2,9,10,148,68,3,9,10,148,68,4,9,10,148,68,5,9,10,148,68,6,9,10,148,68,7,9,10,148,68,8,9,10,148,68,9,9,10,148,68,10,9,10,148,68,11,9,10,148,68,12,9,10,148,68,13,9,10,148,68,14,9,10,148,68,15,9,150,206,174,16,9,10,148,68,17,9,10,148,68,18,9,10,148,68,19,9,10,148,68,20,9,10,148,68,21,9,10,148,68,22,9,10,148,68,23,9,10,148,68,24,9,10,148,68,25,9,10,148,68,26,9,10,148,68,27,9,10,148,68,28,9,10,148,68,29,9,160,210,180,
1,10,146,204,170,2,10,10,148,68,3,10,10,148,68,4,10,10,148,68,5,10,10,148,68,6,10,10,148,68,7,10,10,148,68,8,10,10,148,68,9,10,10,148,68,10,10,10,148,68,11,10,10,148,68,12,10,10,148,68,13,10,10,148,68,14,10,10,148,68,15,10,142,202,168,16,10,10,148,68,17,10,10,148,68,18,10,10,148,68,19,10,10,148,68,20,10,10,148,68,21,10,10,148,68,22,10,10,148,68,23,10,10,148,68,24,10,10,148,68,25,10,10,148,68,26,10,10,148,68,27,10,10,148,68,28,10,68,172,112,
1,11,212,230,220,2,11,10,148,68,3,11,10,148,68,4,11,10,148,68,5,11,10,148,68,6,11,10,148,68,7,11,10,148,68,8,11,10,148,68,9,11,10,148,68,10,11,10,148,68,11,11,10,148,68,12,11,10,148,68,13,11,10,148,68,14,11,10,148,68,15,11,10,148,68,16,11,10,148,68,17,11,10,148,68,18,11,10,148,68,19,11,10,148,68,20,11,10,148,68,21,11,10,148,68,22,11,10,148,68,23,11,10,148,68,24,11,10,148,68,25,11,10,148,68,26,11,10,148,68,27,11,92,182,130,
2,12,96,182,132,3,12,10,148,68,4,12,10,148,68,5,12,10,148,68,6,12,10,148,68,7,12,10,148,68,8,12,10,148,68,9,12,10,148,68,10,12,10,148,68,11,12,10,148,68,12,12,10,148,68,13,12,10,148,68,14,12,10,148,68,15,12,10,148,68,16,12,10,148,68,17,12,10,148,68,18,12,10,148,68,19,12,10,148,68,20,12,10,148,68,21,12,10,148,68,22,12,10,148,68,23,12,10,148,68,24,12,14,150,70,25,12,78,176,118,26,12,182,218,198,
3,13,98,184,134,4,13,10,148,68,5,13,10,148,68,6,13,10,148,68,7,13,10,148,68,8,13,10,148,68,9,13,10,148,68,10,13,10,148,68,11,13,10,148,68,12,13,10,148,68,13,13,10,148,68,14,13,10,148,68,15,13,10,148,68,16,13,10,148,68,17,13,10,148,68,18,13,10,148,68,19,13,28,154,82,20,13,72,174,116,21,13,94,182,132,22,13,136,200,162,23,13,182,220,198,
4,14,204,228,214,5,14,134,200,162,6,14,106,188,140,7,14,88,180,126,8,14,86,178,124,9,14,88,180,128,10,14,100,184,134,11,14,108,188,142,12,14,64,170,108,13,14,10,148,68,14,14,10,148,68,15,14,10,148,68,16,14,10,148,68,17,14,10,148,68,18,14,10,148,68,19,14,84,178,122,20,14,128,196,158,21,14,114,190,146,22,14,92,182,130,23,14,84,178,124,24,14,80,176,122,25,14,82,178,122,26,14,88,180,126,27,14,132,198,160,28,14,214,232,222,
5,15,194,224,206,6,15,148,206,172,7,15,120,194,152,8,15,98,184,134,9,15,92,182,130,10,15,92,182,130,11,15,100,184,136,12,15,56,166,102,13,15,10,148,68,14,15,10,148,68,15,15,10,148,68,16,15,10,148,68,17,15,10,148,68,18,15,10,148,68,19,15,10,148,68,20,15,10,148,68,21,15,10,148,68,22,15,10,148,68,23,15,10,148,68,24,15,10,148,68,25,15,10,148,68,26,15,10,148,68,27,15,10,148,68,28,15,14,150,70,29,15,138,200,164,
3,16,144,204,168,4,16,36,158,86,5,16,10,148,68,6,16,10,148,68,7,16,10,148,68,8,16,10,148,68,9,16,10,148,68,10,16,10,148,68,11,16,10,148,68,12,16,10,148,68,13,16,10,148,68,14,16,10,148,68,15,16,10,148,68,16,16,10,148,68,17,16,10,148,68,18,16,10,148,68,19,16,10,148,68,20,16,10,148,68,21,16,10,148,68,22,16,10,148,68,23,16,10,148,68,24,16,10,148,68,25,16,10,148,68,26,16,10,148,68,27,16,10,148,68,28,16,10,148,68,29,16,10,148,68,30,16,168,212,186,
1,17,230,238,234,2,17,62,168,106,3,17,10,148,68,4,17,10,148,68,5,17,10,148,68,6,17,10,148,68,7,17,10,148,68,8,17,10,148,68,9,17,10,148,68,10,17,10,148,68,11,17,10,148,68,12,17,10,148,68,13,17,10,148,68,14,17,10,148,68,15,17,10,148,68,16,17,10,148,68,17,17,10,148,68,18,17,10,148,68,19,17,10,148,68,20,17,10,148,68,21,17,10,148,68,22,17,10,148,68,23,17,10,148,68,24,17,10,148,68,25,17,10,148,68,26,17,10,148,68,27,17,10,148,68,28,17,10,148,68,29,17,10,148,68,30,17,54,166,100,
1,18,94,182,130,2,18,10,148,68,3,18,10,148,68,4,18,10,148,68,5,18,10,148,68,6,18,10,148,68,7,18,10,148,68,8,18,10,148,68,9,18,10,148,68,10,18,10,148,68,11,18,10,148,68,12,18,10,148,68,13,18,10,148,68,14,18,24,154,78,15,18,40,160,90,16,18,28,154,82,17,18,88,180,126,18,18,10,148,68,19,18,10,148,68,20,18,10,148,68,21,18,10,148,68,22,18,10,148,68,23,18,10,148,68,24,18,10,148,68,25,18,10,148,68,26,18,10,148,68,27,18,10,148,68,28,18,10,148,68,29,18,10,148,68,30,18,10,148,68,
1,19,12,148,70,2,19,10,148,68,3,19,10,148,68,4,19,10,148,68,5,19,10,148,68,6,19,10,148,68,7,19,10,148,68,8,19,10,148,68,9,19,10,148,68,10,19,10,148,68,11,19,10,148,68,12,19,10,148,68,13,19,10,148,68,14,19,44,162,94,15,19,94,182,130,16,19,26,154,80,17,19,108,188,142,18,19,10,148,68,19,19,10,148,68,20,19,10,148,68,21,19,10,148,68,22,19,10,148,68,23,19,10,148,68,24,19,10,148,68,25,19,10,148,68,26,19,10,148,68,27,19,10,148,68,28,19,10,148,68,29,19,10,148,68,30,19,10,148,68,
1,20,10,148,68,2,20,10,148,68,3,20,10,148,68,4,20,10,148,68,5,20,10,148,68,6,20,10,148,68,7,20,10,148,68,8,20,10,148,68,9,20,10,148,68,10,20,10,148,68,11,20,10,148,68,12,20,10,148,68,13,20,10,148,68,14,20,52,164,98,15,20,122,194,152,16,20,32,156,84,17,20,140,202,166,18,20,10,148,68,19,20,10,148,68,20,20,10,148,68,21,20,10,148,68,22,20,10,148,68,23,20,10,148,68,24,20,10,148,68,25,20,10,148,68,26,20,10,148,68,27,20,10,148,68,28,20,10,148,68,29,20,10,148,68,30,20,10,148,68,
1,21,10,148,68,2,21,10,148,68,3,21,10,148,68,4,21,10,148,68,5,21,10,148,68,6,21,10,148,68,7,21,10,148,68,8,21,10,148,68,9,21,10,148,68,10,21,10,148,68,11,21,10,148,68,12,21,10,148,68,13,21,10,148,68,14,21,70,172,114,15,21,124,194,154,16,21,44,162,94,17,21,180,218,196,18,21,10,148,68,19,21,10,148,68,20,21,10,148,68,21,21,10,148,68,22,21,10,148,68,23,21,10,148,68,24,21,10,148,68,25,21,10,148,68,26,21,10,148,68,27,21,10,148,68,28,21,10,148,68,29,21,10,148,68,30,21,60,168,106,
1,22,74,174,116,2,22,10,148,68,3,22,10,148,68,4,22,10,148,68,5,22,10,148,68,6,22,10,148,68,7,22,10,148,68,8,22,10,148,68,9,22,10,148,68,10,22,10,148,68,11,22,10,148,68,12,22,10,148,68,13,22,10,148,68,14,22,90,180,128,15,22,114,190,146,16,22,58,168,104,17,22,230,238,234,18,22,10,148,68,19,22,10,148,68,20,22,10,148,68,21,22,10,148,68,22,22,10,148,68,23,22,10,148,68,24,22,10,148,68,25,22,10,148,68,26,22,10,148,68,27,22,10,148,68,28,22,10,148,68,29,22,20,152,76,30,22,198,226,210,
1,23,222,236,228,2,23,56,166,102,3,23,10,148,68,4,23,10,148,68,5,23,10,148,68,6,23,10,148,68,7,23,10,148,68,8,23,10,148,68,9,23,10,148,68,10,23,10,148,68,11,23,10,148,68,12,23,10,148,68,13,23,10,148,68,14,23,112,190,144,15,23,80,176,120,16,23,76,174,118,18,23,58,168,104,19,23,10,148,68,20,23,10,148,68,21,23,10,148,68,22,23,10,148,68,23,23,10,148,68,24,23,10,148,68,25,23,10,148,68,26,23,10,148,68,27,23,10,148,68,28,23,44,162,92,29,23,200,226,212,
3,24,110,190,144,4,24,10,148,68,5,24,10,148,68,6,24,10,148,68,7,24,10,148,68,8,24,10,148,68,9,24,10,148,68,10,24,10,148,68,11,24,10,148,68,12,24,10,148,68,13,24,10,148,68,14,24,148,204,172,15,24,34,158,86,16,24,98,184,134,18,24,140,202,166,19,24,10,148,68,20,24,10,148,68,21,24,10,148,68,22,24,10,148,68,23,24,10,148,68,24,24,10,148,68,25,24,10,148,68,26,24,10,148,68,27,24,54,166,100,
4,25,100,184,136,5,25,10,148,68,6,25,10,148,68,7,25,10,148,68,8,25,10,148,68,9,25,10,148,68,10,25,10,148,68,11,25,10,148,68,12,25,10,148,68,13,25,10,148,68,14,25,168,212,186,15,25,10,148,68,16,25,124,194,154,19,25,34,158,86,20,25,10,148,68,21,25,10,148,68,22,25,10,148,68,23,25,10,148,68,24,25,10,148,68,25,25,10,148,68,26,25,10,148,68,27,25,202,226,212,
4,26,226,238,230,5,26,24,154,78,6,26,10,148,68,7,26,10,148,68,8,26,10,148,68,9,26,10,148,68,10,26,10,148,68,11,26,10,148,68,12,26,10,148,68,13,26,64,170,108,14,26,136,200,162,15,26,10,148,68,16,26,158,208,180,19,26,184,220,198,20,26,14,148,70,21,26,10,148,68,22,26,10,148,68,23,26,10,148,68,24,26,10,148,68,25,26,10,148,68,26,26,100,186,136,
5,27,168,214,188,6,27,12,148,68,7,27,10,148,68,8,27,10,148,68,9,27,10,148,68,10,27,10,148,68,11,27,10,148,68,12,27,30,156,82,13,27,210,230,218,14,27,54,166,100,15,27,10,148,68,16,27,190,222,202,20,27,174,216,192,21,27,30,156,84,22,27,10,148,68,23,27,10,148,68,24,27,10,148,68,25,27,86,180,126,
6,28,190,222,202,7,28,74,174,116,8,28,16,150,72,9,28,10,148,68,10,28,32,156,84,11,28,102,186,136,12,28,218,234,224,13,28,196,224,208,14,28,10,148,68,15,28,10,148,68,16,28,228,238,232,22,28,186,220,200,23,28,170,214,188,24,28,212,230,220,
13,29,92,182,130,14,29,10,148,68,15,29,38,160,90,
12,30,212,232,220,13,30,28,156,82,14,30,116,192,148,15,30,180,218,196
};

===============================================

// Skywater Logo 32x35

const byte picture_scroll[] = {
11,0,160,200,69,12,0,160,200,69,13,0,160,200,69,14,0,160,200,69,15,0,160,200,69,16,0,160,200,69,17,0,160,200,69,18,0,160,200,69,19,0,160,200,69,20,0,160,200,69,
10,1,160,200,69,11,1,160,200,69,12,1,160,200,69,13,1,160,200,69,14,1,160,200,69,15,1,160,200,69,16,1,160,200,69,17,1,160,200,69,18,1,160,200,69,19,1,160,200,69,20,1,160,200,69,21,1,155,196,73,
11,2,160,200,69,12,2,160,200,69,13,2,160,200,69,14,2,160,200,69,15,2,160,200,69,16,2,160,200,69,17,2,160,200,69,18,2,160,200,69,19,2,160,200,69,20,2,163,201,66,
11,3,4,6,2,12,3,14,18,7,13,3,14,19,7,14,3,125,159,61,15,3,156,197,72,16,3,159,198,70,17,3,53,66,22,18,3,16,19,6,19,3,16,19,6,
15,4,164,202,65,16,4,177,216,66,
13,5,16,19,6,14,5,171,206,60,15,5,172,206,58,16,5,175,208,55,17,5,175,208,55,27,5,14,17,4,
4,6,147,191,77,5,6,150,193,76,6,6,153,195,74,7,6,156,197,72,8,6,160,199,69,9,6,163,200,66,13,6,175,207,55,14,6,177,209,51,15,6,178,210,51,16,6,178,210,52,17,6,178,210,52,18,6,178,210,52,19,6,178,210,52,20,6,178,210,52,21,6,178,210,52,22,6,178,210,52,23,6,178,210,52,24,6,178,210,52,25,6,178,210,52,26,6,178,210,52,27,6,178,210,52,
3,7,153,195,74,4,7,155,196,73,5,7,158,198,70,6,7,161,200,67,7,7,164,202,65,8,7,168,204,61,9,7,170,205,59,10,7,166,199,55,12,7,188,221,55,13,7,178,210,52,14,7,178,210,52,15,7,178,210,52,16,7,178,210,52,17,7,178,210,52,18,7,178,210,52,19,7,178,210,52,20,7,178,210,52,21,7,178,210,52,22,7,178,210,52,23,7,178,210,52,24,7,178,210,52,25,7,178,210,52,26,7,178,210,52,27,7,178,210,52,28,7,165,194,48,
4,8,169,208,67,5,8,166,203,63,6,8,170,205,60,7,8,173,207,57,8,8,181,214,55,9,8,176,208,51,13,8,178,210,52,14,8,179,211,52,15,8,178,210,52,16,8,178,210,52,17,8,182,215,53,18,8,184,217,54,19,8,184,217,54,20,8,184,217,54,21,8,184,217,54,22,8,184,217,54,23,8,182,214,53,24,8,178,210,52,25,8,178,210,52,26,8,179,211,52,27,8,172,203,50,
5,9,4,5,1,6,9,178,210,51,7,9,168,199,49,14,9,1,1,0,15,9,178,210,52,16,9,183,216,53,24,9,84,99,24,25,9,178,210,52,
5,10,28,34,8,6,10,178,210,52,7,10,180,213,53,14,10,8,10,2,15,10,178,210,52,16,10,179,211,52,24,10,84,99,24,25,10,178,210,52,26,10,2,2,1,
1,11,181,214,53,2,11,178,210,52,3,11,178,210,52,4,11,178,210,52,5,11,178,210,52,6,11,178,210,52,7,11,178,210,52,8,11,178,210,52,9,11,178,210,52,10,11,178,210,52,11,11,178,210,52,12,11,178,210,52,13,11,178,210,52,14,11,178,210,52,15,11,178,210,52,16,11,178,210,52,17,11,178,210,52,18,11,178,211,52,23,11,178,210,52,24,11,178,210,52,25,11,178,210,52,26,11,178,210,52,27,11,178,210,52,28,11,178,210,52,29,11,179,211,52,
0,12,178,210,52,1,12,178,210,52,2,12,178,210,52,3,12,178,210,52,4,12,178,210,52,5,12,178,210,52,6,12,178,210,52,7,12,178,210,52,8,12,178,210,52,9,12,178,210,52,10,12,178,210,52,11,12,178,210,52,12,12,178,210,52,13,12,178,210,52,14,12,178,210,52,15,12,178,210,52,16,12,178,210,52,17,12,178,210,52,18,12,178,210,52,19,12,180,212,52,22,12,178,210,52,23,12,178,210,52,24,12,178,210,52,25,12,178,210,52,26,12,178,210,52,27,12,178,210,52,28,12,178,210,52,29,12,178,210,52,30,12,178,210,52,
0,13,9,11,2,1,13,178,210,52,2,13,178,210,52,3,13,178,210,52,4,13,178,210,52,5,13,178,210,52,6,13,178,210,52,7,13,178,210,52,8,13,178,210,52,9,13,178,210,52,10,13,178,210,52,11,13,178,210,52,12,13,178,210,52,13,13,178,210,52,14,13,178,210,52,15,13,178,210,52,16,13,178,210,52,17,13,178,210,52,18,13,178,210,52,23,13,178,210,52,24,13,178,210,52,25,13,178,210,52,26,13,178,210,52,27,13,178,210,52,28,13,178,210,52,29,13,178,210,52,
2,14,3,4,1,3,14,3,4,1,4,14,3,4,1,5,14,3,4,1,6,14,3,4,1,7,14,3,4,1,8,14,3,4,1,9,14,3,4,1,10,14,3,4,1,11,14,3,4,1,12,14,3,4,1,13,14,3,4,1,14,14,3,4,1,15,14,3,4,1,16,14,3,4,1,17,14,3,4,1,18,14,2,2,0,23,14,3,4,1,24,14,3,4,1,25,14,3,4,1,26,14,3,4,1,27,14,3,4,1,28,14,3,4,1,29,14,2,3,0,
1,16,68,117,76,2,16,68,117,76,3,16,65,115,77,4,16,62,114,78,5,16,58,113,79,6,16,55,111,80,7,16,52,110,81,8,16,48,107,83,9,16,36,89,69,14,16,14,89,77,15,16,12,98,88,16,16,8,97,88,17,16,5,95,89,18,16,0,94,90,19,16,0,93,90,20,16,0,91,91,21,16,0,90,91,22,16,0,89,91,23,16,0,88,92,24,16,0,87,93,25,16,0,85,93,26,16,0,84,93,27,16,0,83,94,28,16,0,82,94,29,16,0,78,91,
0,17,90,163,110,1,17,90,163,110,2,17,87,162,112,3,17,82,159,114,4,17,77,157,116,5,17,73,155,117,6,17,65,153,118,7,17,59,151,119,8,17,51,148,120,9,17,43,147,121,10,17,30,123,103,13,17,15,134,121,14,17,10,138,127,15,17,4,135,127,16,17,0,134,128,17,17,0,132,129,18,17,0,129,130,19,17,0,128,130,20,17,0,126,131,21,17,0,125,131,22,17,0,123,133,23,17,0,120,132,24,17,0,119,133,25,17,0,117,134,26,17,0,115,134,27,17,0,114,133,28,17,0,113,134,29,17,0,111,134,30,17,0,111,136,
0,18,90,163,110,1,18,80,159,115,2,18,76,157,116,3,18,70,154,117,4,18,63,152,118,5,18,55,150,119,6,18,47,148,121,7,18,40,146,122,8,18,33,144,123,9,18,25,143,124,10,18,17,125,111,13,18,2,132,125,14,18,0,133,128,15,18,0,131,129,16,18,0,129,129,17,18,0,127,130,18,18,0,126,131,19,18,0,124,132,20,18,0,122,133,21,18,0,120,132,22,18,0,118,133,23,18,0,117,134,24,18,0,115,134,25,18,0,113,133,26,18,0,112,133,27,18,0,110,134,28,18,0,108,134,29,18,0,107,135,30,18,0,107,137,
1,19,57,145,114,2,19,57,145,114,3,19,49,142,115,4,19,42,141,116,5,19,37,146,123,6,19,29,143,123,7,19,23,142,124,8,19,17,139,125,9,19,10,118,108,14,19,0,116,117,15,19,0,122,125,16,19,0,127,134,17,19,0,123,132,18,19,0,121,132,19,19,0,124,138,20,19,0,113,128,21,19,0,119,138,22,19,0,114,134,23,19,0,112,134,24,19,0,115,139,25,19,0,104,128,26,19,0,103,128,27,19,0,102,129,28,19,0,100,129,29,19,0,97,128,30,19,0,4,5,
6,20,15,139,126,7,20,7,122,113,17,20,0,118,133,18,20,0,55,77,22,20,0,55,77,23,20,0,111,137,
5,21,2,62,58,6,21,1,134,128,7,21,7,122,113,16,21,0,16,19,17,21,0,114,134,18,21,0,55,77,21,21,0,9,12,22,21,0,55,77,23,21,0,104,134,
3,22,2,135,127,4,22,0,133,128,5,22,0,132,128,6,22,0,129,130,7,22,0,127,130,8,22,0,126,131,9,22,0,124,132,10,22,0,122,132,11,22,0,120,132,12,22,0,119,133,13,22,0,117,134,14,22,0,116,134,15,22,0,114,133,16,22,0,112,133,17,22,0,111,134,18,22,0,108,134,19,22,0,107,135,20,22,0,105,135,21,22,0,105,135,22,22,0,102,135,23,22,0,101,136,24,22,0,99,136,25,22,0,97,136,26,22,0,98,136,27,22,0,98,136,28,22,0,11,15,
2,23,0,64,63,3,23,0,131,130,4,23,0,129,129,5,23,0,127,131,6,23,0,126,132,7,23,0,124,132,8,23,0,122,133,9,23,0,120,132,10,23,0,118,133,11,23,0,116,134,12,23,0,115,134,13,23,0,113,134,14,23,0,112,134,15,23,0,110,134,16,23,0,108,134,17,23,0,106,134,18,23,0,105,135,19,23,0,103,135,20,23,0,102,135,21,23,0,100,136,22,23,0,98,136,23,23,0,97,136,24,23,0,98,136,25,23,0,98,136,26,23,0,98,136,27,23,0,98,136,28,23,0,101,141,
2,24,0,1,1,3,24,0,127,131,4,24,0,124,132,5,24,0,123,132,6,24,0,121,132,7,24,0,119,132,8,24,0,117,134,9,24,0,115,133,10,24,0,114,134,11,24,0,112,133,12,24,0,111,134,13,24,0,109,134,14,24,0,108,135,15,24,0,106,135,16,24,0,105,135,17,24,0,102,134,18,24,0,101,136,19,24,0,99,136,20,24,0,97,136,21,24,0,98,136,22,24,0,98,136,23,24,0,98,136,24,24,0,98,136,25,24,0,98,136,26,24,0,98,136,27,24,0,98,136,28,24,0,6,8,
14,25,0,8,11,15,25,0,102,135,16,25,0,100,136,
15,26,0,98,136,16,26,0,55,77,
11,27,0,55,77,12,27,0,105,143,13,27,0,103,143,14,27,0,98,136,15,27,0,98,136,16,27,0,98,136,17,27,0,101,140,18,27,0,103,143,19,27,0,103,143,20,27,0,92,128,
10,28,0,101,140,11,28,0,98,136,12,28,0,98,136,13,28,0,98,136,14,28,0,98,136,15,28,0,98,136,16,28,0,98,136,17,28,0,98,136,18,28,0,98,136,19,28,0,98,136,20,28,0,98,136,21,28,0,31,43,
10,29,0,99,137,11,29,0,98,136,12,29,0,98,136,13,29,0,98,136,14,29,0,98,136,15,29,0,98,136,16,29,0,98,136,17,29,0,98,136,18,29,0,98,136,19,29,0,98,136,20,29,0,55,77,21,29,0,9,12,
11,30,0,55,77,12,30,0,65,90,13,30,0,65,90,14,30,0,65,90,15,30,0,65,90,16,30,0,65,90,17,30,0,65,90,18,30,0,65,90,19,30,0,65,90,20,30,0,15,21
};

===============================================================

// Christmas tree

15,0,116,108,0,
12,1,12,12,0,13,1,76,72,0,14,1,24,20,0,15,1,234,198,0,16,1,36,30,0,17,1,62,58,0,18,1,24,24,0,
13,2,126,114,0,14,2,252,206,0,15,2,254,188,0,16,2,252,200,0,17,2,158,142,0,18,2,2,2,0,
13,3,42,38,0,14,3,248,196,0,15,3,254,180,0,16,3,252,196,0,17,3,64,54,0,
12,4,14,14,0,13,4,160,150,0,14,4,138,116,0,15,4,250,200,0,16,4,150,122,0,17,4,168,154,0,18,4,26,26,0,
14,5,38,94,32,15,5,192,194,12,16,5,46,116,40,17,5,0,2,0,
12,6,0,4,0,13,6,46,114,40,14,6,78,194,68,15,6,92,186,56,16,6,78,196,70,17,6,54,136,48,18,6,4,12,4,
11,7,4,10,2,12,7,50,126,46,13,7,72,176,64,14,7,72,176,64,15,7,72,176,64,16,7,94,146,58,17,7,78,164,60,18,7,58,146,52,19,7,8,22,8,
10,8,6,18,6,11,8,52,130,46,12,8,64,158,58,13,8,64,158,58,14,8,64,158,58,15,8,82,130,48,16,8,244,60,62,17,8,172,90,60,18,8,64,158,58,19,8,58,144,52,20,8,14,36,12,
9,9,12,28,10,10,9,52,126,46,11,9,58,140,52,12,9,58,140,52,13,9,58,140,52,14,9,58,140,52,15,9,62,130,48,16,9,178,44,26,17,9,116,88,38,18,9,58,140,52,19,9,58,140,52,20,9,56,134,50,21,9,20,48,18,
8,10,16,38,14,9,10,48,116,44,10,10,166,66,46,11,10,152,88,60,12,10,50,122,46,13,10,50,122,46,14,10,50,122,46,15,10,50,122,46,16,10,50,122,46,17,10,50,122,46,18,10,50,122,46,19,10,50,122,46,20,10,50,122,46,21,10,50,120,46,22,10,24,58,22,
7,11,20,46,18,8,11,44,102,40,9,11,42,100,40,10,11,220,26,28,11,11,200,44,40,12,11,44,102,40,13,11,44,102,40,14,11,44,102,40,15,11,44,102,40,16,11,44,102,40,17,11,44,102,40,18,11,44,100,40,19,11,76,86,40,20,11,44,102,40,21,11,44,102,40,22,11,44,102,40,23,11,26,62,24,
6,12,22,50,20,7,12,40,88,36,8,12,40,88,36,9,12,40,88,36,10,12,50,78,32,11,12,48,80,32,12,12,38,86,34,13,12,40,88,36,14,12,40,88,36,15,12,40,88,36,16,12,40,88,36,17,12,40,88,36,18,12,116,52,28,19,12,244,80,78,20,12,102,70,38,21,12,40,88,36,22,12,40,88,36,23,12,40,88,36,24,12,26,60,24,
6,13,2,8,2,7,13,12,28,12,8,13,18,40,16,9,13,20,48,18,10,13,46,112,42,11,13,58,140,50,12,13,64,156,56,13,13,58,140,52,14,13,46,108,40,15,13,42,96,38,16,13,48,116,44,17,13,60,146,52,18,13,96,122,46,19,13,194,46,30,20,13,76,102,40,21,13,24,56,22,22,13,18,40,16,23,13,14,32,12,24,13,4,10,4,
8,14,2,8,2,9,14,44,110,40,10,14,62,152,56,11,14,62,152,56,12,14,62,152,56,13,14,62,152,56,14,14,62,152,56,15,14,62,152,56,16,14,62,152,56,17,14,62,152,56,18,14,62,152,56,19,14,62,152,56,20,14,62,152,56,21,14,52,128,48,22,14,8,22,8,
7,15,6,16,6,8,15,46,114,42,9,15,58,138,52,10,15,58,138,52,11,15,58,138,52,12,15,150,80,46,13,15,158,94,62,14,15,56,138,50,15,15,58,138,52,16,15,58,138,52,17,15,58,138,52,18,15,58,138,52,19,15,58,138,52,20,15,58,138,52,21,15,58,138,52,22,15,54,130,48,23,15,14,34,12,
6,16,10,26,10,7,16,46,112,42,8,16,52,124,48,9,16,52,124,48,10,16,52,124,48,11,16,52,124,46,12,16,208,32,28,13,16,220,48,46,14,16,52,120,46,15,16,52,124,48,16,16,52,124,48,17,16,52,124,48,18,16,52,124,48,19,16,52,124,48,20,16,52,124,48,21,16,52,124,48,22,16,52,124,48,23,16,50,120,46,24,16,20,48,18,
5,17,14,36,14,6,17,44,104,40,7,17,46,110,42,8,17,46,110,42,9,17,46,110,42,10,17,46,110,42,11,17,46,110,42,12,17,58,94,36,13,17,62,92,36,14,17,46,110,42,15,17,46,110,42,16,17,46,110,42,17,17,46,110,42,18,17,46,110,42,19,17,46,110,42,20,17,46,110,42,21,17,46,110,42,22,17,46,110,42,23,17,46,110,42,24,17,46,108,42,25,17,24,56,22,
4,18,18,44,18,5,18,40,94,38,6,18,42,96,38,7,18,42,96,38,8,18,42,96,38,9,18,42,96,38,10,18,42,96,38,11,18,42,96,38,12,18,42,96,38,13,18,42,96,38,14,18,42,96,38,15,18,42,96,38,16,18,42,96,38,17,18,42,96,38,18,18,42,96,38,19,18,42,96,38,20,18,42,96,38,21,18,42,96,38,22,18,42,96,38,23,18,42,96,38,24,18,42,96,38,25,18,42,96,38,26,18,26,60,24,27,18,0,2,0,
3,19,16,38,14,4,19,40,88,36,5,19,40,88,36,6,19,40,88,36,7,19,42,82,34,8,19,190,58,50,9,19,134,74,52,10,19,38,84,34,11,19,38,84,34,12,19,38,84,34,13,19,40,88,36,14,19,40,88,36,15,19,64,74,32,16,19,132,72,48,17,19,42,84,34,18,19,36,84,34,19,19,36,84,34,20,19,38,86,34,21,19,40,88,36,22,19,40,88,36,23,19,40,84,34,24,19,164,60,46,25,19,120,76,48,26,19,40,88,36,27,19,22,50,20,
4,20,6,14,4,5,20,14,30,12,6,20,18,42,16,7,20,32,50,20,8,20,234,28,30,9,20,176,60,40,10,20,58,142,52,11,20,64,158,58,12,20,62,152,56,13,20,50,120,44,14,20,40,90,36,15,20,154,38,26,16,20,246,70,70,17,20,94,100,42,18,20,64,158,58,19,20,64,158,58,20,20,58,140,52,21,20,50,122,46,22,20,46,108,42,23,20,36,64,24,24,20,240,30,34,25,20,180,36,36,26,20,8,18,6,
6,21,6,16,6,7,21,48,120,44,8,21,66,132,50,9,21,62,140,52,10,21,60,148,54,11,21,60,148,54,12,21,60,148,54,13,21,60,148,54,14,21,60,148,54,15,21,78,124,46,16,21,130,76,32,17,21,62,142,52,18,21,60,148,54,19,21,60,148,54,20,21,60,148,54,21,21,60,148,54,22,21,60,148,54,23,21,56,138,50,24,21,46,38,14,25,21,16,0,0,
5,22,10,26,10,6,22,50,122,46,7,22,56,136,50,8,22,56,136,50,9,22,56,136,50,10,22,56,136,50,11,22,56,136,50,12,22,56,136,50,13,22,56,136,50,14,22,56,136,50,15,22,56,136,50,16,22,56,136,50,17,22,56,136,50,18,22,56,136,50,19,22,56,136,50,20,22,142,78,42,21,22,196,84,68,22,22,60,128,48,23,22,56,136,50,24,22,56,132,50,25,22,22,52,20,
4,23,16,38,14,5,23,50,120,46,6,23,52,126,48,7,23,52,126,48,8,23,54,120,46,9,23,114,92,48,10,23,62,118,46,11,23,52,126,48,12,23,52,126,48,13,23,52,126,48,14,23,52,126,48,15,23,52,126,48,16,23,52,126,48,17,23,52,126,48,18,23,52,126,48,19,23,52,126,48,20,23,170,44,26,21,23,234,40,42,22,23,60,112,44,23,23,52,126,48,24,23,52,126,48,25,23,52,124,48,26,23,28,66,24,
3,24,22,50,18,4,24,48,112,42,5,24,48,114,44,6,24,48,114,44,7,24,48,114,44,8,24,106,72,32,9,24,246,70,70,10,24,138,78,46,11,24,48,114,44,12,24,48,114,44,13,24,48,114,44,14,24,48,114,44,15,24,48,114,44,16,24,48,114,44,17,24,48,114,44,18,24,48,114,44,19,24,48,114,44,20,24,50,110,42,21,24,54,102,40,22,24,48,114,44,23,24,48,114,44,24,24,48,114,44,25,24,48,114,44,26,24,48,114,44,27,24,32,76,28,28,24,0,4,0,
2,25,26,60,24,3,25,44,102,40,4,25,44,102,40,5,25,44,102,40,6,25,44,102,40,7,25,44,102,40,8,25,54,92,36,9,25,152,42,24,10,25,68,84,34,11,25,44,102,40,12,25,44,102,40,13,25,44,102,40,14,25,44,102,40,15,25,44,102,40,16,25,44,102,40,17,25,44,102,40,18,25,44,102,40,19,25,44,102,40,20,25,44,102,40,21,25,44,102,40,22,25,44,102,40,23,25,44,102,40,24,25,44,102,40,25,25,44,102,40,26,25,44,102,40,27,25,44,102,40,28,25,34,78,30,29,25,2,8,2,
0,26,2,4,2,1,26,28,66,26,2,26,42,88,36,3,26,42,88,36,4,26,40,92,36,5,26,40,92,36,6,26,40,92,36,7,26,40,92,36,8,26,40,92,36,9,26,40,92,36,10,26,40,92,36,11,26,40,92,36,12,26,40,92,36,13,26,40,92,36,14,26,40,92,36,15,26,40,92,36,16,26,40,92,36,17,26,40,92,36,18,26,40,92,36,19,26,40,92,36,20,26,40,92,36,21,26,40,92,36,22,26,40,92,36,23,26,40,92,36,24,26,46,84,34,25,26,40,90,36,26,26,40,92,36,27,26,40,92,36,28,26,40,92,36,29,26,34,76,30,30,26,4,10,4,
0,27,24,56,22,1,27,38,86,34,2,27,190,48,42,3,27,204,74,68,4,27,40,86,34,5,27,40,88,36,6,27,40,88,36,7,27,40,88,36,8,27,40,88,36,9,27,36,82,34,10,27,32,70,28,11,27,34,74,30,12,27,38,86,34,13,27,90,66,32,14,27,166,74,58,15,27,48,82,34,16,27,40,88,36,17,27,40,88,36,18,27,38,84,34,19,27,32,70,28,20,27,32,72,28,21,27,38,84,34,22,27,40,88,36,23,27,84,62,28,24,27,240,74,72,25,27,108,72,42,26,27,40,88,36,27,27,40,88,36,28,27,40,88,36,29,27,40,88,36,30,27,30,68,26,
1,28,6,14,6,2,28,160,10,14,3,28,176,22,24,4,28,26,56,22,5,28,28,62,24,6,28,26,58,24,7,28,18,42,16,8,28,8,16,6,12,28,86,78,24,13,28,166,38,20,14,28,246,54,56,15,28,74,70,32,16,28,44,80,32,17,28,82,88,32,18,28,100,82,20,21,28,0,2,0,22,28,8,18,6,23,28,56,24,10,24,28,218,20,26,25,28,86,40,22,26,28,26,58,24,27,28,22,50,20,28,28,16,36,14,29,28,8,18,6,30,28,0,2,0,
11,29,4,2,0,12,29,134,106,32,13,29,136,98,26,14,29,164,90,40,15,29,152,124,66,16,29,170,134,64,17,29,148,118,42,18,29,130,102,24,19,29,10,8,2,
11,30,48,38,14,12,30,140,110,32,13,30,136,108,28,14,30,162,126,54,15,30,184,146,78,16,30,174,136,66,17,30,148,118,42,18,30,132,104,24,19,30,54,42,14,
11,31,106,82,34,12,31,140,110,32,13,31,136,108,28,14,31,162,126,54,15,31,184,146,78,16,31,174,136,66,17,31,148,118,42,18,31,132,104,24,19,31,112,88,32,
10,32,2,2,0,11,32,146,116,50,12,32,122,96,28,13,32,108,84,22,14,32,160,126,54,15,32,184,146,78,16,32,172,136,66,17,32,114,90,32,18,32,116,90,22,19,32,144,112,42,20,32,10,8,2,
11,33,2,2,0,14,33,90,70,32,15,33,182,144,78,16,33,78,60,30,19,33,2,2,0
};

// ===================== Flag 32 x 13======================
2,0,9,61,147,3,0,9,61,147,4,0,9,61,147,5,0,9,61,147,6,0,9,61,147,7,0,9,61,147,8,0,9,61,147,9,0,9,61,147,10,0,9,61,147,11,0,9,61,147,12,0,9,61,147,13,0,194,33,20,14,0,194,33,20,15,0,194,33,20,16,0,194,33,20,17,0,194,33,20,18,0,194,33,20,19,0,194,33,20,20,0,194,33,20,21,0,194,33,20,22,0,194,33,20,23,0,194,33,20,24,0,194,33,20,25,0,194,33,20,26,0,194,33,20,27,0,194,33,20,28,0,194,33,20,29,0,194,33,20,
2,1,9,61,147,3,1,255,255,255,4,1,9,61,147,5,1,255,255,255,6,1,9,61,147,7,1,255,255,255,8,1,9,61,147,9,1,255,255,255,10,1,9,61,147,11,1,255,255,255,12,1,9,61,147,13,1,255,255,255,14,1,255,255,255,15,1,255,255,255,16,1,255,255,255,17,1,255,255,255,18,1,255,255,255,19,1,255,255,255,20,1,255,255,255,21,1,255,255,255,22,1,255,255,255,23,1,255,255,255,24,1,255,255,255,25,1,255,255,255,26,1,255,255,255,27,1,255,255,255,28,1,255,255,255,29,1,255,255,255,
2,2,9,61,147,3,2,9,61,147,4,2,255,255,255,5,2,9,61,147,6,2,255,255,255,7,2,9,61,147,8,2,255,255,255,9,2,9,61,147,10,2,255,255,255,11,2,9,61,147,12,2,9,61,147,13,2,194,33,20,14,2,194,33,20,15,2,194,33,20,16,2,194,33,20,17,2,194,33,20,18,2,194,33,20,19,2,194,33,20,20,2,194,33,20,21,2,194,33,20,22,2,194,33,20,23,2,194,33,20,24,2,194,33,20,25,2,194,33,20,26,2,194,33,20,27,2,194,33,20,28,2,194,33,20,29,2,194,33,20,
2,3,9,61,147,3,3,255,255,255,4,3,9,61,147,5,3,255,255,255,6,3,9,61,147,7,3,255,255,255,8,3,9,61,147,9,3,255,255,255,10,3,9,61,147,11,3,255,255,255,12,3,9,61,147,13,3,255,255,255,14,3,255,255,255,15,3,255,255,255,16,3,255,255,255,17,3,255,255,255,18,3,255,255,255,19,3,255,255,255,20,3,255,255,255,21,3,255,255,255,22,3,255,255,255,23,3,255,255,255,24,3,255,255,255,25,3,255,255,255,26,3,255,255,255,27,3,255,255,255,28,3,255,255,255,29,3,255,255,255,
2,4,9,61,147,3,4,9,61,147,4,4,255,255,255,5,4,9,61,147,6,4,255,255,255,7,4,9,61,147,8,4,255,255,255,9,4,9,61,147,10,4,255,255,255,11,4,9,61,147,12,4,9,61,147,13,4,194,33,20,14,4,194,33,20,15,4,194,33,20,16,4,194,33,20,17,4,194,33,20,18,4,194,33,20,19,4,194,33,20,20,4,194,33,20,21,4,194,33,20,22,4,194,33,20,23,4,194,33,20,24,4,194,33,20,25,4,194,33,20,26,4,194,33,20,27,4,194,33,20,28,4,194,33,20,29,4,194,33,20,
2,5,9,61,147,3,5,255,255,255,4,5,9,61,147,5,5,255,255,255,6,5,9,61,147,7,5,255,255,255,8,5,9,61,147,9,5,255,255,255,10,5,9,61,147,11,5,255,255,255,12,5,9,61,147,13,5,255,255,255,14,5,255,255,255,15,5,255,255,255,16,5,255,255,255,17,5,255,255,255,18,5,255,255,255,19,5,255,255,255,20,5,255,255,255,21,5,255,255,255,22,5,255,255,255,23,5,255,255,255,24,5,255,255,255,25,5,255,255,255,26,5,255,255,255,27,5,255,255,255,28,5,255,255,255,29,5,255,255,255,
2,6,9,61,147,3,6,9,61,147,4,6,9,61,147,5,6,9,61,147,6,6,9,61,147,7,6,9,61,147,8,6,9,61,147,9,6,9,61,147,10,6,9,61,147,11,6,9,61,147,12,6,9,61,147,13,6,194,33,20,14,6,194,33,20,15,6,194,33,20,16,6,194,33,20,17,6,194,33,20,18,6,194,33,20,19,6,194,33,20,20,6,194,33,20,21,6,194,33,20,22,6,194,33,20,23,6,194,33,20,24,6,194,33,20,25,6,194,33,20,26,6,194,33,20,27,6,194,33,20,28,6,194,33,20,29,6,194,33,20,
2,7,255,255,255,3,7,255,255,255,4,7,255,255,255,5,7,255,255,255,6,7,255,255,255,7,7,255,255,255,8,7,255,255,255,9,7,255,255,255,10,7,255,255,255,11,7,255,255,255,12,7,255,255,255,13,7,255,255,255,14,7,255,255,255,15,7,255,255,255,16,7,255,255,255,17,7,255,255,255,18,7,255,255,255,19,7,255,255,255,20,7,255,255,255,21,7,255,255,255,22,7,255,255,255,23,7,255,255,255,24,7,255,255,255,25,7,255,255,255,26,7,255,255,255,27,7,255,255,255,28,7,255,255,255,29,7,255,255,255,
2,8,194,33,20,3,8,194,33,20,4,8,194,33,20,5,8,194,33,20,6,8,194,33,20,7,8,194,33,20,8,8,194,33,20,9,8,194,33,20,10,8,194,33,20,11,8,194,33,20,12,8,194,33,20,13,8,194,33,20,14,8,194,33,20,15,8,194,33,20,16,8,194,33,20,17,8,194,33,20,18,8,194,33,20,19,8,194,33,20,20,8,194,33,20,21,8,194,33,20,22,8,194,33,20,23,8,194,33,20,24,8,194,33,20,25,8,194,33,20,26,8,194,33,20,27,8,194,33,20,28,8,194,33,20,29,8,194,33,20,
2,9,255,255,255,3,9,255,255,255,4,9,255,255,255,5,9,255,255,255,6,9,255,255,255,7,9,255,255,255,8,9,255,255,255,9,9,255,255,255,10,9,255,255,255,11,9,255,255,255,12,9,255,255,255,13,9,255,255,255,14,9,255,255,255,15,9,255,255,255,16,9,255,255,255,17,9,255,255,255,18,9,255,255,255,19,9,255,255,255,20,9,255,255,255,21,9,255,255,255,22,9,255,255,255,23,9,255,255,255,24,9,255,255,255,25,9,255,255,255,26,9,255,255,255,27,9,255,255,255,28,9,255,255,255,29,9,255,255,255,
2,10,194,33,20,3,10,194,33,20,4,10,194,33,20,5,10,194,33,20,6,10,194,33,20,7,10,194,33,20,8,10,194,33,20,9,10,194,33,20,10,10,194,33,20,11,10,194,33,20,12,10,194,33,20,13,10,194,33,20,14,10,194,33,20,15,10,194,33,20,16,10,194,33,20,17,10,194,33,20,18,10,194,33,20,19,10,194,33,20,20,10,194,33,20,21,10,194,33,20,22,10,194,33,20,23,10,194,33,20,24,10,194,33,20,25,10,194,33,20,26,10,194,33,20,27,10,194,33,20,28,10,194,33,20,29,10,194,33,20,
2,11,255,255,255,3,11,255,255,255,4,11,255,255,255,5,11,255,255,255,6,11,255,255,255,7,11,255,255,255,8,11,255,255,255,9,11,255,255,255,10,11,255,255,255,11,11,255,255,255,12,11,255,255,255,13,11,255,255,255,14,11,255,255,255,15,11,255,255,255,16,11,255,255,255,17,11,255,255,255,18,11,255,255,255,19,11,255,255,255,20,11,255,255,255,21,11,255,255,255,22,11,255,255,255,23,11,255,255,255,24,11,255,255,255,25,11,255,255,255,26,11,255,255,255,27,11,255,255,255,28,11,255,255,255,29,11,255,255,255,
2,12,194,33,20,3,12,194,33,20,4,12,194,33,20,5,12,194,33,20,6,12,194,33,20,7,12,194,33,20,8,12,194,33,20,9,12,194,33,20,10,12,194,33,20,11,12,194,33,20,12,12,194,33,20,13,12,194,33,20,14,12,194,33,20,15,12,194,33,20,16,12,194,33,20,17,12,194,33,20,18,12,194,33,20,19,12,194,33,20,20,12,194,33,20,21,12,194,33,20,22,12,194,33,20,23,12,194,33,20,24,12,194,33,20,25,12,194,33,20,26,12,194,33,20,27,12,194,33,20,28,12,194,33,20,29,12,194,33,20
